396.4095577
396.4306742
396.4517896
396.4729037
396.4940167
396.5151284
396.5362389
396.5573482
396.5784563
396.5995632
396.6206688
396.6417733
396.6628765
396.6839785
396.7050793
396.7261789
396.7472773
396.7683745
396.7894704
396.8105652
396.8316587
396.8527509
396.873842
396.8949319
396.9160205
396.9371079
396.9581941
396.979279
397.0003628
397.0214453
397.0425266
397.0636067
397.0846855
397.1057632
397.1268396
397.1479147
397.1689885
397.1900611
397.2111324
397.2322025
397.2532714
397.2743391
397.2954055
397.3164707
397.3375347
397.3585974
397.3796589
397.4007192
397.4217782
397.442836
397.4638926
397.484948
397.5060004
397.5270517
397.5481017
397.5691504
397.590198
397.6112443
397.6322893
397.6533331
397.6743756
397.6954169
397.716457
397.7374958
397.7585334
397.7795697
397.8006048
397.8216387
397.8426557
397.8636714
397.8846859
397.9056991
397.926711
397.9477216
397.968731
397.9897391
398.0107459
398.0317515
398.0527557
398.0737587
398.0947604
398.1157609
398.1367601
398.1577579
398.1787546
398.1997499
398.2207439
398.2417367
398.2627282
398.2837184
398.3047073
398.3256949
398.3466813
398.3676664
398.3886501
398.4096326
398.4306139
398.4515938
398.4725724
398.4935498
398.5145258
398.5355006
398.5564741
398.5774463
398.5984172
398.6193868
398.6403551
398.6613221
398.6822878
398.7032523
398.7242154
398.7451772
398.7661378
398.787097
398.808055
398.8290116
398.849967
398.870921
398.8918738
398.9128252
398.9337754
398.9547243
398.9756718
398.9966181
399.0175631
399.0385067
399.059449
399.0803901
399.1013298
399.1222682
399.1432053
399.1641412
399.1850756
399.2060088
399.2269407
399.2478714
399.2688009
399.289729
399.3106558
399.3315812
399.3525054
399.3734283
399.3943498
399.41527
399.4361889
399.4571065
399.4780228
399.4989377
399.5198513
399.5407636
399.5616746
399.5825859
399.6034959
399.6244046
399.6453119
399.6662179
399.6871226
399.708026
399.728928
399.7498288
399.7707282
399.7916262
399.812523
399.8334184
399.8543125
399.8752053
399.8960967
399.9170024
399.9379068
399.9588099
399.9797117
400.0006122
400.0215113
400.0424092
400.0633057
400.0842009
400.1050948
400.1259874
400.1468787
400.1677687
400.1886574
400.2095447
400.2304306
400.2513151
400.2721983
400.2930803
400.3139609
400.3348401
400.3557181
400.3765947
400.39747
400.418344
400.4392166
400.460088
400.480958
400.5018267
400.522694
400.54356
400.5644247
400.5852865
400.606147
400.6270061
400.6478638
400.6687203
400.6895754
400.7104291
400.7312816
400.7521326
400.7729824
400.7938308
400.8146778
400.8355235
400.8563679
400.8772109
400.8980526
400.918893
400.9397166
400.9605389
400.9813598
401.0021794
401.0229976
401.0438144
401.0646298
401.0854438
401.1062565
401.1270678
401.1478777
401.1686863
401.1894934
401.2102992
401.2311036
401.2519066
401.2727083
401.2935085
401.3143074
401.3351049
401.355901
401.3766957
401.397489
401.4182809
401.4390715
401.4598606
401.4806484
401.5014348
401.5222198
401.5430033
401.5637855
401.5845663
401.6053457
401.6261237
401.6469003
401.6676755
401.6884493
401.7092217
401.7299927
401.7507623
401.7715305
401.7922973
401.8130627
401.8338267
401.8545892
401.8753504
401.8961102
401.9168685
401.9376255
401.958381
401.9791351
401.9998878
402.0206391
402.041389
402.0621375
402.0828846
402.1036302
402.1243744
402.1451172
402.1658586
402.1865985
402.2073371
402.2280742
402.2488099
402.2695441
402.2902771
402.3110087
402.3317388
402.3524676
402.3731949
402.3939207
402.4146451
402.4353681
402.4560897
402.4768098
402.4975285
402.5182457
402.5389616
402.5596759
402.5803889
402.6011004
402.6218104
402.6425206
402.6632294
402.6839367
402.7046426
402.7253471
402.7460501
402.7667516
402.7874518
402.8081504
402.8288475
402.8495432
402.8702374
402.8909301
402.9116214
402.9323112
402.9529996
402.9736865
402.9943873
403.0150867
403.0357847
403.0564812
403.0771762
403.0978699
403.1185621
403.1392528
403.1599422
403.1806301
403.201315
403.2219984
403.2426804
403.263361
403.2840401
403.3047177
403.3253939
403.3460687
403.366742
403.3874138
403.4080842
403.4287532
403.4494206
403.4700867
403.4907512
403.5114143
403.532076
403.5527361
403.5733798
403.594022
403.6146628
403.635302
403.6559397
403.676576
403.6972107
403.717844
403.7384757
403.759106
403.7797347
403.800362
403.8209878
403.8416121
403.8622348
403.8828561
403.9034758
403.9240941
403.9447108
403.9653261
403.9859398
404.006552
404.0271628
404.047772
404.0683797
404.0889858
404.1095905
404.1301936
404.1507953
404.1713954
404.191994
404.212591
404.2331866
404.2537806
404.2743731
404.2949641
404.3155535
404.3361415
404.3567279
404.3773127
404.3978961
404.4184779
404.4390581
404.4596369
404.4802141
404.5007897
404.5213639
404.5419365
404.5625075
404.583077
404.603645
404.6242114
404.6447763
404.6653397
404.6859015
404.7064617
404.7270204
404.7475775
404.7681331
404.7886871
404.8092396
404.8297905
404.8503399
404.8708878
404.8914342
404.9119791
404.9325223
404.953064
404.9736042
404.9941428
405.0146798
405.0352153
405.0557491
405.0762813
405.0968119
405.1173409
405.1378684
405.1583942
405.1789185
405.1994412
405.2199624
405.2404835
405.261003
405.281521
405.3020374
405.3225521
405.3430654
405.363577
405.384087
405.4045955
405.4251024
405.4456077
405.4661098
405.4866104
405.5071094
405.5276068
405.5481026
405.5685968
405.5890893
405.6095954
405.6300998
405.6506026
405.6711039
405.6916036
405.7121016
405.7325981
405.7530931
405.7735864
405.7940781
405.8145682
405.8350568
405.855529
405.8759996
405.8964686
405.9169359
405.9374017
405.9578658
405.9783283
405.9987891
406.0192483
406.0397059
406.0601619
406.0806162
406.1010689
406.1215199
406.1419693
406.1624171
406.1828632
406.2033077
406.2237505
406.2441917
406.2646312
406.2850691
406.3055053
406.3259399
406.3463729
406.3668042
406.3872338
406.4076617
406.4280881
406.4485127
406.4689357
406.489357
406.5097767
406.5301947
406.550611
406.5710256
406.5914386
406.6118499
406.6322596
406.6526675
406.6730738
406.6934784
406.7138813
406.7342826
406.7546821
406.77508
406.7954762
406.8158707
406.8362636
406.8566547
406.8770441
406.8974319
406.9178179
406.9382023
406.958585
406.9789659
406.9993452
407.0197227
407.0400985
407.0604725
407.0808448
407.1012155
407.1215845
407.1419518
407.1623174
407.1826813
407.2030435
407.223404
407.2437627
407.2641197
407.284475
407.3048286
407.3251804
407.3455306
407.3658789
407.3862256
407.4065705
407.4269137
407.4472537
407.4675919
407.4879299
407.5082662
407.5286007
407.5489335
407.5692646
407.5895939
407.6099214
407.6302472
407.6505712
407.6708935
407.6912141
407.7115328
407.7318499
407.7521651
407.7724786
407.7927903
407.8131003
407.8334085
407.8537005
407.8740055
407.8943087
407.9146101
407.9349097
407.9552076
407.9755036
407.9957979
408.0160904
408.0363812
408.0566701
408.0769573
408.0972426
408.1175262
408.137808
408.158088
408.1783662
408.1986426
408.2189172
408.2391899
408.2594609
408.2797301
408.2999975
408.3202631
408.3405268
408.3607888
408.3810489
408.4013072
408.4215637
408.4418183
408.4620712
408.4823222
408.5025714
408.5228188
408.5430643
408.563308
408.5835499
408.60379
408.6240282
408.6442646
408.6644991
408.6847318
408.7049627
408.7251917
408.7454189
408.7656442
408.7858675
408.806089
408.8263086
408.8465264
408.8667423
408.8869563
408.9071685
408.9273788
408.9475873
408.9677939
408.9879986
409.0082014
409.0284024
409.0486016
409.068799
409.0889945
409.1091881
409.1293798
409.1495696
409.1697576
409.1899436
409.2101263
409.2303072
409.2504861
409.2706631
409.2908382
409.3110114
409.3311827
409.3513521
409.3715196
409.3916852
409.4118488
409.4320105
409.4521718
409.4723312
409.4924886
409.5126442
409.5327978
409.5529495
409.5730992
409.593247
409.6133929
409.6335228
409.6536507
409.6737766
409.6939006
409.7140226
409.7341426
409.7542607
409.7743768
409.7944909
409.814603
409.8347132
409.8548358
409.8749564
409.8950751
409.9151918
409.9353065
409.9554192
409.97553
409.9956388
410.0157457
410.0358506
410.0559534
410.0760543
410.0961533
410.1162502
410.1363452
410.1564381
410.1765291
410.1966181
410.2167051
410.23679
410.256873
410.276954
410.297033
410.3171098
410.3371846
410.3572574
410.3773282
410.397397
410.4174638
410.4375286
410.4575913
410.477652
410.4977107
410.5177673
410.5378219
410.5578745
410.577925
410.5979735
410.61802
410.6380644
410.6581067
410.6781471
410.6981853
410.7182215
410.7382557
410.7582864
410.7783151
410.7983418
410.8183665
410.838389
410.8584095
410.8784279
410.8984443
410.9184585
410.9384707
410.9584807
410.9784887
410.9984946
411.0184984
411.0385001
411.0584997
411.0784972
411.0984926
411.1184859
411.1384771
411.1584662
411.1784532
411.1984395
411.2184098
411.2383781
411.2583442
411.2783081
411.2982699
411.3182296
411.3381871
411.3581424
411.3780956
411.3980466
411.4179955
411.4379422
411.4578867
411.4778291
411.4977693
411.5177073
411.5376431
411.5575767
411.5775082
411.5974375
411.6173787
411.6373177
411.6572546
411.6771892
411.6971217
411.7170519
411.7369799
411.7569058
411.7768294
411.7967509
411.8166701
411.8365872
411.8565021
411.8764148
411.8963253
411.9162335
411.9361396
411.9560435
411.9759451
411.9958445
412.0157418
412.0356367
412.0555295
412.07542
412.0953084
412.1151944
412.1350783
412.1549599
412.1748379
412.1947136
412.2145871
412.2344584
412.2543273
412.2741941
412.2940587
412.313921
412.3337811
412.3536389
412.3734944
412.3933477
412.4131986
412.4330473
412.4528937
412.4727378
412.4925797
412.5124192
412.5322564
412.5520913
412.571924
412.5917543
412.6115823
412.631408
412.6512179
412.6710255
412.6908307
412.7106336
412.7304355
412.7502351
412.7700324
412.7898273
412.8096198
412.82941
412.8491978
412.8689832
412.8887663
412.908547
412.9283253
412.9481013
412.9678748
412.9876459
413.0074145
413.0271808
413.0469447
413.0667062
413.0864653
413.1062219
413.1259762
413.1457281
413.1654775
413.1852384
413.2049968
413.2247528
413.2445065
413.2642577
413.2840065
413.303753
413.323497
413.3432386
413.3629777
413.3827145
413.4024488
413.4221807
413.4419101
413.4616358
413.4813591
413.5010799
413.5207982
413.5405141
413.5602276
413.5799386
413.5996471
413.6193531
413.6390567
413.6587578
413.6784565
413.6981528
413.7178466
413.7375379
413.7572267
413.776913
413.7965968
413.8162782
413.835957
413.8556333
413.8753071
413.8949784
413.9146472
413.9343134
413.953964
413.973612
413.9932575
414.0129004
414.0325408
414.0521786
414.0718138
414.0914465
414.1110765
414.1307053
414.1503314
414.169955
414.189576
414.2091944
414.2288103
414.2484235
414.2680341
414.2876421
414.3072475
414.3268503
414.3464505
414.3660481
414.3856431
414.4052354
414.4248251
414.4444122
414.4639966
414.4835784
414.5031576
414.5227341
414.542308
414.5618792
414.5814478
414.6010272
414.6206039
414.6401767
414.6597469
414.6793144
414.6988792
414.7184413
414.7380008
414.7575576
414.7771118
414.7966632
414.816212
414.8357581
414.8553015
414.8748422
414.8943802
414.9139155
414.9334483
414.9529783
414.9725056
414.9920302
415.0115521
415.0310713
415.0505877
415.0701014
415.0896123
415.1091206
415.128626
415.1481159
415.1676031
415.1870874
415.2065689
415.2260475
415.2455234
415.2649964
415.2844667
415.3039342
415.3233988
415.3428607
415.3623197
415.3817759
415.4012307
415.4206826
415.4401316
415.4595779
415.4790213
415.4984619
415.5178996
415.5373345
415.5567665
415.5761957
415.595622
415.6150455
415.6344661
415.6538838
415.6732987
415.6927106
415.7121197
415.7315246
415.7509267
415.7703258
415.789722
415.8091153
415.8285057
415.8478932
415.8672778
415.8866725
415.9060644
415.9254534
415.9448394
415.9642225
415.9836027
416.00298
416.0223544
416.0417258
416.0610943
416.08046
416.0998227
416.1191824
416.1385392
416.157893
416.1772438
416.1965916
416.2159363
416.2352781
416.2546044
416.2739277
416.2932479
416.3125652
416.3318794
416.3511906
416.3704987
416.3898038
416.4091059
416.4284049
416.4477008
416.4669937
416.4862835
416.5055703
416.524854
416.5441346
416.5634134
416.5826892
416.6019618
416.6212314
416.6404978
416.6597612
416.6790215
416.6982787
416.7175327
416.7367824
416.756029
416.7752724
416.7945127
416.8137499
416.8329839
416.8522148
416.8714425
416.890667
416.9098884
416.9291066
416.9483217
416.9675335
416.9867422
417.0059477
417.02515
417.044349
417.0635578
417.0827633
417.1019656
417.1211648
417.1403607
417.1595534
417.1787429
417.1979292
417.2171123
417.2362922
417.2554688
417.2746422
417.2938002
417.3129548
417.3321062
417.3512544
417.3703992
417.3895408
417.408679
417.427814
417.4469457
417.466074
417.485199
417.5043208
417.5234391
417.5425542
417.5616659
417.5807743
417.5998794
417.6189811
417.6380807
417.657177
417.6762699
417.6953582
417.7144432
417.7335248
417.752603
417.7716778
417.7907492
417.8098172
417.8288819
417.8479431
417.8670008
417.8860552
417.9051061
417.9241536
417.9431977
417.9622383
417.9812755
418.0003091
418.0193392
418.0383659
418.0573891
418.0764088
418.0954252
418.1144381
418.1334474
418.1524658
418.1714808
418.1904922
418.2095001
418.2285046
418.2475055
418.266491
418.285473
418.3044515
418.3234264
418.3423977
418.3613655
418.3803297
418.3992904
418.4182475
418.437201
418.4561509
418.4750973
418.49404
418.5129792
418.5319147
418.5508467
418.569775
418.5886985
418.6076184
418.6265359
418.6454497
418.6643599
418.6832664
418.7021693
418.7210685
418.7399641
418.7588559
418.7777441
418.7966286
418.8155093
418.8343863
418.8532596
418.8721291
418.890995
418.9098571
418.9287155
418.9475702
418.9664211
418.9852682
419.0041118
419.0229515
419.0417875
419.0606198
419.0794483
419.0982729
419.1170938
419.1359109
419.1547242
419.1735343
419.1923406
419.2111431
419.2299418
419.2487366
419.2675276
419.2863148
419.3050981
419.3238776
419.3426532
419.3614249
419.3801928
419.3989568
419.4177169
419.436472
419.4552232
419.4739705
419.4927139
419.5114533
419.5301889
419.5489205
419.5676493
419.5863743
419.6050951
419.623812
419.642525
419.6612339
419.679939
419.69864
419.717337
419.7360301
419.7547191
419.7734042
419.7920852
419.8107622
419.8294352
419.8481042
419.8667692
419.8854302
419.9040872
419.9227401
419.9413889
419.9600337
419.9786744
419.997311
420.0159436
420.034572
420.0531851
420.0717941
420.0903989
420.1089996
420.127608
420.1462123
420.1648125
420.1834085
420.2020004
420.2205881
420.2391706
420.2577489
420.276323
420.2948929
420.3134586
420.3320202
420.3505774
420.3691304
420.3876792
420.4062238
420.4247641
420.4433013
420.4618343
420.480363
420.4988875
420.5174077
420.5359237
420.5544353
420.5729427
420.5914458
420.6099446
420.6284391
420.6469292
420.6654152
420.6838968
420.7023741
420.7208471
420.7393157
420.75778
420.7762399
420.7946955
420.8131467
420.8315935
420.8500359
420.8684739
420.8868966
420.9053148
420.9237286
420.942138
420.9605429
420.9789434
420.9973394
421.0157415
421.0341391
421.0525322
421.0709219
421.0893059
421.1076855
421.1260607
421.1444313
421.1627974
421.181159
421.199516
421.2178686
421.2362165
421.25456
421.2729
421.2912355
421.3095664
421.3278927
421.3462144
421.3645316
421.3828442
421.4011522
421.4194556
421.4377545
421.4560488
421.4743384
421.4926234
421.5109038
421.5291795
421.5474506
421.565717
421.5839788
421.6022359
421.6204883
421.638736
421.656979
421.6752173
421.6934509
421.7116692
421.7298826
421.7480914
421.7663049
421.7845031
421.8026965
421.8208851
421.8390698
421.8572487
421.8754341
421.8936147
421.9117905
421.9299615
421.9481277
421.966289
421.9844455
422.0025972
422.0207441
422.038886
422.0570242
422.0751576
422.0932861
422.1114097
422.1295284
422.1476422
422.1657512
422.1838553
422.2019545
422.2200487
422.2381381
422.2562225
422.274302
422.2923765
422.3104461
422.3285107
422.3465703
422.3646249
422.3826746
422.4007192
422.4187589
422.4367935
422.4548231
422.4728477
422.4908672
422.5088714
422.5268703
422.5448643
422.5628531
422.5808358
422.5988135
422.616786
422.6347534
422.6527157
422.6706729
422.6886359
422.7065937
422.7245464
422.742494
422.7604365
422.7783738
422.7963059
422.8142339
422.8321567
422.8500743
422.8679858
422.8858932
422.9037953
422.9216922
422.9395839
422.9574704
422.9753517
422.9932277
423.0110984
423.0289639
423.0468242
423.0646791
423.0825288
423.1003732
423.1182123
423.136046
423.1538745
423.1716976
423.1895155
423.2073278
423.2251349
423.2429365
423.2607329
423.2785238
423.2962994
423.3140695
423.3318433
423.3496116
423.3673646
423.3851121
423.4028542
423.4205909
423.4383221
423.4560478
423.4737681
423.4914935
423.5092135
423.5269281
423.5446275
423.5623321
423.5800312
423.5977248
423.615412
423.6330946
423.6507718
423.6684434
423.6861095
423.70377
423.721425
423.7390744
423.7567183
423.7743566
423.7919893
423.8096164
423.8272379
423.8448538
423.862464
423.8800687
423.8976676
423.9152609
423.9328486
423.9504306
423.9680069
423.9855776
424.0031426
424.0207019
424.0382555
424.0558025
424.0733437
424.0908792
424.108409
424.125933
424.1434513
424.1609542
424.1784514
424.1959428
424.2134284
424.2309082
424.2483822
424.2658608
424.2833337
424.3008008
424.3182621
424.3357185
424.3531691
424.370614
424.3880529
424.4054861
424.4229133
424.4403348
424.4577503
424.47516
424.4925639
424.5099618
424.5273538
424.54474
424.5621202
424.5794945
424.5968628
424.6142252
424.6315816
424.6489321
424.6662766
424.6836152
424.7009478
424.7182744
424.7355951
424.7529097
424.7702184
424.7875211
424.8048168
424.8221064
424.8393901
424.8566677
424.8739393
424.8912048
424.9084643
424.9257177
424.9429651
424.9601972
424.9774232
424.9946431
425.0118569
425.0290745
425.0462861
425.0634826
425.0806729
425.0978671
425.1150551
425.1322371
425.1494128
425.1665824
425.1837459
425.2009032
425.2180543
425.2351993
425.252338
425.2694706
425.2865969
425.3037171
425.3208309
425.3379385
425.3550399
425.3721351
425.389224
425.4063067
425.4233831
425.4404533
425.4575172
425.4745748
425.4916261
425.5086712
425.5257099
425.5427424
425.5597685
425.5767884
425.593801
425.6108073
425.6278073
425.644801
425.6617883
425.6787693
425.6957439
425.7127122
425.729674
425.7466295
425.7635796
425.7805233
425.7974607
425.8143827
425.8312983
425.8482074
425.8651198
425.8820258
425.8989253
425.9158184
425.9327051
425.9495853
425.9664591
425.9833264
426.0001872
426.0170416
426.0338895
426.0507309
426.0675658
426.0843942
426.1012161
426.1180314
426.1348402
426.1516425
426.1684383
426.1852275
426.2020103
426.2187864
426.235556
426.2523191
426.2690756
426.2858256
426.3025691
426.319306
426.3360363
426.35276
426.3694772
426.3861877
426.4028917
426.419589
426.4362797
426.4529629
426.4696395
426.4863104
426.5029746
426.5196323
426.5362833
426.5529276
426.5695653
426.5861963
426.6028207
426.6194383
426.6360586
426.6526723
426.6692792
426.6858795
426.7024731
426.71906
426.7356317
426.7521967
426.768755
426.7853066
426.8018515
426.8183896
426.834921
426.8514457
426.8679636
426.8844748
426.9009793
426.9174769
426.9339679
426.950452
426.9669295
426.9834001
426.999864
427.0163211
427.0327714
427.0492149
427.0656516
427.0820815
427.0985047
427.114921
427.1313305
427.1477332
427.1641291
427.1805181
427.1969004
427.2132758
427.2296443
427.246007
427.2623628
427.2787118
427.2950539
427.3113892
427.3277177
427.3440392
427.360354
427.3766618
427.3929628
427.4092569
427.4255441
427.4418245
427.458106
427.4743807
427.4906484
427.5069093
427.5231633
427.5394104
427.5556506
427.5718839
427.5881103
427.6043298
427.6205424
427.6367481
427.6529468
427.6691386
427.6853235
427.7015015
427.7176725
427.7338368
427.749994
427.7661444
427.7822877
427.7984242
427.8145537
427.8306683
427.8467759
427.8628766
427.8789703
427.895057
427.9111368
427.9272097
427.9432755
427.9593344
427.9753863
427.9914313
428.0074693
428.0235003
428.0395243
428.0555413
428.0715523
428.0875562
428.1035532
428.1195431
428.1355261
428.151502
428.1674709
428.1834329
428.1993878
428.2153358
428.2312767
428.2472107
428.2631376
428.2790575
428.2949705
428.3108764
428.3267753
428.3426757
428.3585691
428.3744555
428.3903348
428.4062072
428.4220725
428.4379308
428.4537822
428.4696265
428.4854637
428.501294
428.5171172
428.5329334
428.5487426
428.5645448
428.58034
428.5961283
428.6119094
428.6276836
428.6434507
428.6592108
428.6749639
428.69071
428.706449
428.722181
428.737906
428.7536239
428.7693349
428.7850387
428.8007356
428.8164254
428.8321075
428.8477824
428.8634504
428.8791113
428.8947652
428.9104121
428.926052
428.9416848
428.9573106
428.9729293
428.9885411
429.0041458
429.0197434
429.0353349
429.0509194
429.0664968
429.0820673
429.0976307
429.113187
429.1287364
429.1442787
429.159814
429.1753423
429.1908636
429.2063778
429.2218851
429.2373853
429.2528785
429.2683647
429.2838438
429.299316
429.3147812
429.3302393
429.3456905
429.3611346
429.3765717
429.3920098
429.4074409
429.422865
429.4382821
429.4536922
429.4690953
429.4844914
429.4998806
429.5152627
429.5306378
429.546006
429.56136
429.576707
429.5920471
429.6073802
429.6227063
429.6380254
429.6533376
429.6686429
429.6839412
429.6992326
429.714517
429.7297944
429.7450649
429.7603284
429.775585
429.7908347
429.8060774
429.8213131
429.836542
429.8517639
429.8669788
429.8821868
429.8973879
429.9125821
429.9277693
429.9429497
429.9581231
429.9732896
429.9884492
430.0036019
430.0187477
430.0338865
430.0490185
430.0641436
430.0792618
430.0943731
430.1094776
430.1245751
430.1396658
430.1547496
430.1698266
430.1848966
430.1999598
430.2150162
430.2300657
430.2451083
430.2601441
430.2751731
430.2901952
430.3052105
430.3202189
430.3352206
430.3502161
430.3652049
430.3801868
430.395162
430.4101303
430.4250918
430.4400466
430.4549945
430.4699356
430.48487
430.4997976
430.5147184
430.5296324
430.5445397
430.5594402
430.5743339
430.5892209
430.6041012
430.6189747
430.6338414
430.6487015
430.6635548
430.6784013
430.6932412
430.7080743
430.7229008
430.7377205
430.7525335
430.7673399
430.7821395
430.7969325
430.8117188
430.8264984
430.8412713
430.8560376
430.8707972
430.8855502
430.9002965
430.9150362
430.9297693
430.9444957
430.9592155
430.9739286
430.9886352
431.0033352
431.0180285
431.0327152
431.0474026
431.0620833
431.0767575
431.091425
431.106086
431.1207404
431.1353883
431.1500296
431.1646644
431.1792926
431.1939143
431.2085295
431.2231381
431.2377402
431.2523358
431.2669249
431.2815075
431.2960836
431.3106532
431.3252163
431.339773
431.3543232
431.3688669
431.3834042
431.397935
431.4124594
431.4269773
431.4414888
431.4559939
431.4704926
431.4849848
431.4994707
431.5139501
431.5284232
431.5428899
431.5573502
431.5718041
431.5862517
431.6006929
431.6151278
431.6295563
431.6439785
431.6583944
431.6728039
431.6872133
431.7016164
431.7160132
431.7304037
431.7447879
431.7591658
431.7735374
431.7879027
431.8022618
431.8166146
431.8309612
431.8453015
431.8596356
431.8739634
431.8882796
431.9025895
431.9168933
431.9311969
431.9454943
431.9597856
431.9740707
431.9883496
432.0026223
432.0168889
432.0311493
432.0454036
432.0596517
432.0738938
432.0881297
432.1023596
432.1165833
432.130801
432.1450125
432.159218
432.1734174
432.1876107
432.201798
432.2159792
432.2301544
432.2443235
432.2584866
432.2726437
432.2867948
432.3009399
432.315079
432.3292121
432.3433392
432.3574603
432.3715755
432.3856847
432.399788
432.4138853
432.4279767
432.4420622
432.4561418
432.4702154
432.4842832
432.498345
432.512401
432.5264511
432.5404953
432.5545337
432.5685662
432.5825929
432.5966138
432.6106288
432.624638
432.6386414
432.652639
432.6666308
432.6806168
432.694597
432.7085715
432.7225402
432.7365032
432.7504604
432.7644119
432.7783576
432.7922976
432.806232
432.8201606
432.8340835
432.8480008
432.8619123
432.8758182
432.8897185
432.9036131
432.917502
432.9313854
432.945263
432.9591351
432.9730016
432.9868625
433.0007177
433.0145674
433.0284116
433.0422501
433.0560831
433.0699106
433.0837263
433.0975365
433.1113412
433.1251404
433.1389341
433.1527223
433.166505
433.1802823
433.1940541
433.2078205
433.2215814
433.2353369
433.2490869
433.2628316
433.2765768
433.2903161
433.30405
433.3177725
433.3314896
433.3452013
433.3589077
433.3726092
433.3863054
433.3999963
433.4136819
433.4273621
433.4410371
433.4547067
433.468371
433.48203
433.4956837
433.5093322
433.5229809
433.5366242
433.5502624
433.5638953
433.577523
433.5911454
433.6047627
433.6183747
433.6319816
433.6455833
433.6591798
433.6727711
433.6863573
433.6999383
433.7135142
433.7270849
433.7406506
433.7542111
433.7677665
433.7813169
433.7948621
433.8084023
433.8219374
433.8354674
433.8489924
433.8625123
433.8760272
433.8895371
433.903042
433.9165419
433.9300367
433.9435266
433.9570115
433.9704914
433.9839664
433.9974364
434.0109015
434.0243616
434.0378168
434.0512671
434.0647125
434.078153
434.0915885
434.1050192
434.1184451
434.131866
434.1452822
434.1586935
434.1721
434.1855016
434.1988984
434.2122904
434.2256776
434.23906
434.2524376
434.2658105
434.2791785
434.2925419
434.3059004
434.3192542
434.3326038
434.3459486
434.3592888
434.3726242
434.3859549
434.3992809
434.4126023
434.425919
434.439231
434.4525383
434.465841
434.479139
434.4924325
434.5057213
434.5190054
434.532285
434.5455599
434.5588303
434.5720961
434.5853623
434.5986239
434.6118805
434.6251329
434.6383809
434.6516242
434.6648631
434.6780974
434.6913272
434.704552
434.7177723
434.7309881
434.7441994
434.7574062
434.7706086
434.7838066
434.7970001
434.8101891
434.8233738
434.836554
434.8497244
434.8628904
434.876052
434.8892093
434.9023621
434.9155107
434.928655
434.9417948
434.9549304
434.9680616
434.9811885
434.9943112
435.0074295
435.0205435
435.0336532
435.0467587
435.0598599
435.0729568
435.0860495
435.099138
435.1122222
435.1253022
435.138378
435.1514495
435.1645169
435.1775806
435.1906401
435.2036954
435.2167465
435.2297935
435.2428363
435.2558749
435.2689095
435.2819399
435.2949662
435.3079884
435.3210064
435.3340204
435.3470303
435.3600361
435.3730379
435.3860356
435.3990292
435.4120188
435.4250043
435.4379858
435.4509633
435.4639367
435.4769061
435.4898762
435.5028423
435.5158044
435.5287625
435.5417166
435.5546668
435.567613
435.5805552
435.5934935
435.6064279
435.6193583
435.6322843
435.6452064
435.6581247
435.671039
435.6839495
435.696856
435.7097587
435.7226576
435.7355525
435.7484437
435.761331
435.7742144
435.787094
435.7999698
435.8128418
435.82571
435.8385744
435.851435
435.8642918
435.8771399
435.8899842
435.9028248
435.9156616
435.9284947
435.9413241
435.9541502
435.9669725
435.9797912
435.9926062
436.0054175
436.0182251
436.0310291
436.0438294
436.056626
436.0694189
436.0822083
436.094994
436.107776
436.1205544
436.1333293
436.1461005
436.1588681
436.1716321
436.1843925
436.1971494
436.2099026
436.2226523
436.2353984
436.248141
436.26088
436.2736155
436.2863474
436.2990759
436.3118008
436.3245266
436.3372489
436.3499678
436.3626831
436.3753949
436.3881033
436.4008082
436.4135096
436.4262076
436.4389021
436.4515927
436.4642799
436.4769636
436.4896439
436.5023208
436.5149943
436.5276643
436.540331
436.5529943
436.5656542
436.5783108
436.590964
436.6036138
436.6162602
436.6289033
436.6415431
436.6541796
436.6668127
436.6794425
436.692069
436.7046926
436.7173129
436.7299299
436.7425436
436.7551494
436.7677519
436.7803512
436.7929472
436.80554
436.8181295
436.8307159
436.8432989
436.8558788
436.8684555
436.8810289
436.8935992
436.9061662
436.91873
436.9312907
436.9438482
436.9564025
436.9689537
436.9815017
436.9940465
437.0065883
437.0191269
437.0316624
437.0441947
437.056724
437.0692502
437.0817733
437.0942932
437.1068101
437.119328
437.1318428
437.1443546
437.1568633
437.1693689
437.1818714
437.1943709
437.2068669
437.2193599
437.2318498
437.2443367
437.2568206
437.2693014
437.2817793
437.2942541
437.3067259
437.3191948
437.3316607
437.3441236
437.3565835
437.3690404
437.3814944
437.3939454
437.4063935
437.4188387
437.4312809
437.4437205
437.4561573
437.4685911
437.481022
437.49345
437.5058752
437.5182974
437.5307167
437.5431331
437.5555466
437.567953
437.5803564
437.5927569
437.6051546
437.6175495
437.6299415
437.6423307
437.6547171
437.6671006
437.6794814
437.6918593
437.7042345
437.7166068
437.7289764
437.7413432
437.7537072
437.7660685
437.778427
437.7907827
437.8031356
437.8154859
437.8278333
437.8401781
437.8525201
437.8648593
437.8771959
437.8895297
437.9018608
437.9141931
437.9265226
437.9388491
437.9511728
437.9634938
437.9758122
437.9881278
438.0004408
438.0127512
438.0250588
438.0373638
438.0496661
438.0619658
438.0742629
438.0865573
438.098849
438.1111382
438.1234247
438.1357086
438.1479898
438.1602685
438.1725446
438.1848184
438.1970897
438.2093584
438.2216244
438.2338879
438.2461489
438.2584072
438.2706629
438.2829161
438.2951668
438.3074149
438.3196604
438.3319034
438.3441398
438.3563736
438.3686049
438.3808337
438.39306
438.4052839
438.4175052
438.429724
438.4419404
438.4541543
438.4663657
438.4785747
438.4907811
438.5029852
438.5151867
438.5273858
438.5395825
438.5517767
438.5639685
438.5761578
438.5883448
438.6005292
438.6127113
438.624891
438.6370682
438.6492431
438.6614151
438.6735848
438.6857521
438.6979206
438.7100867
438.7222505
438.7344119
438.7465709
438.7587276
438.7708818
438.7830337
438.7951833
438.8073305
438.8194754
438.8316179
438.8437581
438.8558959
438.8680314
438.8801646
438.8922955
438.904424
438.9165503
438.9286746
438.9407966
438.9529162
438.9650336
438.9771487
438.9892614
439.0013719
439.0134802
439.0255861
439.0376898
439.0497912
439.0618904
439.0739873
439.0860819
439.0981743
439.1102645
439.1223485
439.1344304
439.14651
439.1585874
439.1706626
439.1827356
439.1948064
439.206875
439.2189413
439.2310055
439.2430675
439.2551273
439.267185
439.2792404
439.2912937
439.3033448
439.3153938
439.3274406
439.3394852
439.3515277
439.363568
439.3756062
439.3876419
439.3996754
439.4117068
439.4237361
439.4357632
439.4477883
439.4598112
439.471832
439.4838507
439.4958707
439.5078887
439.5199045
439.5319182
439.5439299
439.5559394
439.5679469
439.5799523
439.5919555
439.6039568
439.6159559
439.6279529
439.6399479
439.6519408
439.6639317
439.6759205
439.6879072
439.6998923
439.7118753
439.7238562
439.7358351
439.747812
439.7597869
439.7717597
439.7837306
439.7956993
439.8076661
439.8196309
439.8315937
439.8435544
439.8555132
439.8674699
439.8794247
439.8913738
439.903321
439.9152662
439.9272094
439.9391507
439.95109
439.9630273
439.9749627
439.9868961
439.9988276
440.0107571
440.0226847
440.0346103
440.046534
440.0584558
440.0703757
440.0822936
440.0942096
440.1061237
440.1180355
440.1299453
440.1418533
440.1537594
440.1656636
440.1775658
440.1894662
440.2013647
440.2132613
440.225156
440.2370489
440.2489398
440.2608289
440.2727161
440.2846015
440.296485
440.3083666
440.3202496
440.3321307
440.34401
440.3558874
440.367763
440.3796367
440.3915085
440.4033785
440.4152467
440.4271131
440.4389776
440.4508402
440.4627011
440.4745601
440.4864173
440.498273
440.510127
440.521979
440.5338293
440.5456778
440.5575245
440.5693693
440.5812124
440.5930537
440.6048932
440.6167309
440.6285668
440.6404009
440.6522332
440.6640638
440.6758892
440.6877128
440.6995347
440.7113548
440.7231731
440.7349897
440.7468046
440.7586177
440.770429
440.7822386
440.7940465
440.8058527
440.8176571
440.8294598
440.8412607
440.85306
440.8648575
440.876653
440.8884467
440.9002388
440.9120291
440.9238177
440.9356046
440.9473899
440.9591734
440.9709553
440.9827354
440.9945139
441.0062907
441.0180658
441.0298392
441.0416109
441.053381
441.0651494
441.0769161
441.0886811
441.1004445
441.1122062
441.1239662
441.1357247
441.1474814
441.1592365
441.17099
441.1827448
441.1944981
441.2062497
441.2179996
441.2297479
441.2414946
441.2532396
441.264983
441.2767248
441.288465
441.3002035
441.3119404
441.3236757
441.3354096
441.347142
441.3588728
441.3706019
441.3823294
441.3940554
441.4057797
441.4175024
441.4292236
441.4409431
441.4526611
441.4643774
441.4760922
441.4878021
441.4995105
441.5112173
441.5229226
441.5346262
441.5463283
441.5580289
441.5697279
441.5814253
441.5931211
441.6048155
441.6165082
441.6281994
441.6398891
441.6515772
441.6632635
441.6749482
441.6866314
441.6983131
441.7099932
441.7216718
441.7333488
441.7450244
441.7566984
441.7683709
441.7800419
441.7917114
441.8033793
441.8150458
441.8267107
441.8383741
441.850036
441.8616964
441.8733553
441.8850127
441.8966686
441.908323
441.919976
441.9316274
441.9432774
441.9549258
441.9665728
441.9782184
441.9898624
442.001505
442.0131461
442.0247857
442.0364238
442.0480605
442.0596958
442.0713324
442.0829676
442.0946014
442.1062336
442.1178645
442.1294938
442.1411217
442.1527482
442.1643732
442.1759968
442.1876189
442.1992395
442.2108588
442.2224769
442.2340935
442.2457087
442.2573225
442.2689348
442.2805458
442.2921552
442.3037633
442.3153699
442.3269752
442.3385759
442.3501752
442.3617732
442.3733697
442.3849648
442.3965585
442.4081509
442.4197418
442.4313313
442.4429194
442.4545062
442.4660915
442.4776755
442.4892577
442.5008386
442.5124181
442.5239962
442.5355729
442.5471483
442.5587223
442.5702949
442.5818661
442.593436
442.6050045
442.6165717
442.6281374
442.6397018
442.6512648
442.6628265
442.6743868
442.6859458
442.6975034
442.7090596
442.7206146
442.7321681
442.7437203
442.7552712
442.7668208
442.778369
442.7899158
442.8014613
442.8130055
442.8245484
442.8360899
442.8476301
442.859169
442.8707066
442.8822428
442.8937777
442.9053113
442.9168436
442.9283745
442.9399042
442.9514325
442.9629595
442.9744853
442.9860097
442.9975328
443.0090546
443.0205751
443.032097
443.0436176
443.0551369
443.0666549
443.0781717
443.0896871
443.1012012
443.112714
443.1242256
443.1357358
443.1472451
443.158753
443.1702597
443.1817651
443.1932692
443.204772
443.2162707
443.227768
443.2392641
443.250759
443.2622526
443.2737449
443.285236
443.2967258
443.3082144
443.3197017
443.3311877
443.3426725
443.354156
443.365638
443.3771188
443.3885983
443.4000765
443.4115535
443.4230293
443.4345038
443.4459771
443.4574491
443.4689199
443.4803895
443.4918578
443.5033249
443.5147907
443.5262554
443.5377188
443.5491809
443.5606419
443.5721016
443.5835601
443.5950174
443.6064734
443.6179283
443.6293819
443.6408343
443.6522855
443.6637355
443.6751843
443.6866319
443.6980783
443.7095235
443.7209674
443.7324102
443.7438518
443.7552921
443.7667313
443.7781693
443.7896061
443.8010417
443.8124761
443.8239093
443.8353413
443.8467721
443.8582018
443.8696303
443.8810575
443.8924836
443.9039086
443.9153323
443.9267549
443.9381763
443.9495965
443.9610155
443.9724334
443.9838501
443.9952657
444.00668
444.0180933
444.0295053
444.0409187
444.052331
444.0637421
444.075152
444.0865608
444.0979684
444.1093749
444.1207802
444.1321843
444.1435873
444.1549894
444.1663876
444.1777847
444.1891806
444.2005754
444.211969
444.2233615
444.2347529
444.2461431
444.2575322
444.2689202
444.2803068
444.2916922
444.3030765
444.3144597
444.3258417
444.3372226
444.3486024
444.3599811
444.3713586
444.382735
444.3941103
444.4054844
444.4168575
444.4282294
444.4396002
444.4509698
444.4623384
444.4737059
444.4850722
444.4964374
444.5078016
444.5191646
444.5305265
444.5418873
444.553247
444.5646056
444.5759631
444.5873195
444.5986748
444.610029
444.6213821
444.6327341
444.644085
444.6554349
444.6667836
444.6781312
444.6894778
444.7008233
444.7121676
444.7235109
444.7348531
444.7461943
444.7575343
444.7688733
444.7802112
444.791548
444.8028837
444.8142184
444.8255519
444.8368845
444.8482159
444.8595462
444.8708755
444.8822038
444.8935309
444.904857
444.916182
444.927506
444.9388289
444.9501507
444.9614715
444.9727912
444.9841098
444.9954274
445.006744
445.0180595
445.0293739
445.0406873
445.0519996
445.0633108
445.0746211
445.0859302
445.0972384
445.1085454
445.1198515
445.1311588
445.1424652
445.1537704
445.1650721
445.1763727
445.1876723
445.1989709
445.2102684
445.2215628
445.2328585
445.2441532
445.2554468
445.2667394
445.2780307
445.289321
445.3006102
445.3118982
445.3231855
445.3344717
445.3457568
445.357041
445.3683241
445.3796062
445.3908872
445.4021673
445.4134463
445.4247243
445.4360013
445.4472773
445.4585522
445.4698262
445.4810991
445.4923711
445.503642
445.5149119
445.5261808
445.5374487
445.5487156
445.5599815
445.5712463
445.5825102
445.5937731
445.605035
445.6162958
445.6275557
445.6388146
445.6500725
445.6613294
445.6725853
445.6838402
445.6950941
445.706347
445.7175989
445.7288498
445.7400998
445.7513487
445.7625967
445.7738437
445.7850897
445.7963347
445.8075787
445.8188217
445.8300638
445.8413049
445.852545
445.8637841
445.8750222
445.8862594
445.8974956
445.9087308
445.919965
445.9311983
445.9424306
445.9536619
445.9648923
445.9761217
445.9873501
445.9985775
446.009804
446.0210295
446.0322541
446.0434776
446.0547003
446.0659219
446.0771426
446.0883623
446.0995811
446.1107989
446.1220158
446.1332317
446.1444466
446.1556606