398.1026468
398.1243722
398.1460925
398.1678095
398.1895403
398.2112627
398.23298
398.254694
398.2764219
398.2981413
398.3198555
398.3415824
398.3633002
398.3850126
398.4067374
398.4284531
398.4501633
398.4718859
398.4935994
398.5153074
398.5370278
398.558739
398.5804448
398.6021629
398.623872
398.6455755
398.6672914
398.6889982
398.7106995
398.7324132
398.7541178
398.7758168
398.7975283
398.8192307
398.8409275
398.8626367
398.8843369
398.9060315
398.9277385
398.9494364
398.9711287
398.9928335
399.0145292
399.0362194
399.0579219
399.0796154
399.1013033
399.1230036
399.1446949
399.1663806
399.1880787
399.2097518
399.2314264
399.2531174
399.2748015
399.2964812
399.318174
399.3398582
399.361521
399.3832034
399.4048808
399.4265547
399.4482424
399.4699217
399.4915955
399.5132664
399.5349351
399.5566182
399.5782933
399.5999632
399.6216303
399.6432952
399.6649746
399.6866459
399.7083121
399.7299754
399.7516366
399.7733122
399.7949799
399.8166423
399.8383019
399.859975
399.88164
399.9032997
399.9249564
399.9466266
399.9682887
399.9899454
400.0115992
400.0332664
400.0549256
400.0765793
400.0982301
400.1198944
400.1415506
400.1632013
400.1848492
400.2065105
400.2281637
400.2498115
400.2714564
400.2931148
400.3147651
400.3364099
400.3580519
400.3797073
400.4013546
400.4229965
400.4446355
400.466288
400.4879165
400.5095625
400.5312025
400.5528386
400.5744723
400.5961199
400.6177438
400.6393852
400.6610207
400.6826523
400.7042815
400.7259248
400.7475442
400.7691811
400.7908122
400.8124394
400.8340642
400.8557029
400.8773179
400.8989504
400.9205771
400.9421998
400.9638201
400.9854545
401.007065
401.0286931
401.0503153
401.0719336
401.0935495
401.1151795
401.1367855
401.1584092
401.180027
401.2016408
401.2232523
401.2448778
401.2664794
401.2880987
401.309712
401.3313214
401.3529285
401.3745496
401.3961468
401.4177616
401.4393706
401.4609755
401.4825781
401.5041949
401.5257876
401.547398
401.5690025
401.5906031
401.6122012
401.6337979
401.6553932
401.6770032
401.6985897
401.7201939
401.7417768
401.7633783
401.7849746
401.8065674
401.8281579
401.849747
401.8713348
401.8929375
401.9145165
401.9361134
401.9576888
401.979283
402.0008716
402.0224571
402.0440405
402.0656223
402.087203
402.1087978
402.1303699
402.1519594
402.1735276
402.1951145
402.2166959
402.238274
402.2598501
402.2814245
402.3029978
402.3245853
402.34615
402.3677322
402.3893083
402.4108811
402.4324514
402.4540354
402.4755961
402.4971742
402.518746
402.5403144
402.5618805
402.58346
402.6050163
402.62659
402.6481575
402.6697215
402.6912831
402.7128583
402.7344102
402.7559796
402.7775426
402.7991023
402.8206595
402.8422303
402.8637778
402.8853427
402.9069014
402.9284566
402.9500094
402.9715759
402.993119
403.0146795
403.0362338
403.0577847
403.0793331
403.1008951
403.1224338
403.14399
403.1655399
403.1870864
403.2086304
403.2301881
403.2517224
403.2732741
403.2948197
403.3163769
403.3379098
403.3594595
403.3810026
403.4025572
403.4240874
403.4456342
403.4671745
403.4887262
403.5102534
403.5317974
403.5533347
403.5748836
403.5964079
403.617949
403.6394834
403.6610293
403.6825508
403.7040889
403.7256204
403.7471635
403.768682
403.7902172
403.8117458
403.833286
403.8548167
403.8763424
403.8978644
403.9193997
403.9409264
403.9624636
403.9839756
404.0055041
404.0270257
404.0485588
404.0700824
404.091616
404.1131241
404.1346331
404.1561573
404.1776744
404.1992027
404.2207214
404.2422346
404.2637596
404.2852756
404.3068016
404.3283175
404.3498275
404.3713492
404.3928616
404.4143842
404.4358965
404.457403
404.478921
404.5004299
404.5219336
404.5434491
404.5649556
404.586457
404.6079702
404.6294746
404.6509738
404.6724849
404.693987
404.7154841
404.736993
404.758493
404.7799879
404.8014947
404.8229925
404.8444852
404.8659898
404.8874855
404.9089761
404.9304786
404.9519721
404.9734605
404.9949608
405.0164522
405.0379384
405.0594366
405.0809258
405.1024099
405.1239059
405.1453929
405.1668748
405.1883687
405.2098536
405.2313334
405.2528251
405.2743079
405.2957854
405.317275
405.3387556
405.3602311
405.3817185
405.4031969
405.4246702
405.4461403
405.4676233
405.4890981
405.510568
405.5320349
405.5535149
405.5749867
405.5964537
405.6179178
405.6393948
405.6608637
405.6823279
405.703789
405.7252632
405.7467292
405.7681905
405.7896487
405.81112
405.8325832
405.8540415
405.8754969
405.8969654
405.9184256
405.9398811
405.9613336
405.982784
406.0042481
406.0257044
406.047156
406.0686047
406.0900515
406.1115119
406.1329645
406.1544125
406.1758576
406.1973008
406.2187425
406.2401982
406.2616462
406.2830898
406.3045304
406.3259692
406.3474066
406.3688429
406.3902782
406.4117127
406.4331464
406.4545794
406.4760116
406.497443
406.5188737
406.5403037
406.561733
406.5831615
406.6045893
406.6260164
406.6474427
406.6688683
406.6902932
406.7117173
406.7331407
406.7545634
406.7759854
406.7974066
406.8188271
406.8402469
406.8616659
406.8830842
406.9045018
406.9259187
406.9473348
406.9687502
406.9901648
407.0115788
407.032992
407.0544044
407.0758162
407.0972272
407.1186375
407.1400471
407.1614559
407.182864
407.2042713
407.225678
407.2470839
407.2684891
407.2898935
407.3112973
407.3327002
407.3541025
407.375504
407.3969048
407.4183049
407.4397043
407.4611029
407.4825008
407.5038979
407.5252943
407.54669
407.568085
407.5894792
407.6108727
407.6322655
407.6536576
407.6750489
407.6964395
407.7178293
407.7392185
407.7606069
407.7819945
407.8033815
407.8247677
407.8461532
407.8675379
407.8889219
407.9103052
407.9316878
407.9530696
407.9744507
407.9958311
408.0172249
408.0386127
408.0599963
408.0813772
408.102756
408.1241333
408.1455093
408.1668986
408.1882816
408.2096604
408.2310363
408.2524101
408.2737965
408.2951764
408.3165518
408.3379243
408.3592946
408.3806775
408.4020538
408.4234257
408.4447946
408.4661755
408.4875494
408.5089188
408.530285
408.5516631
408.5730342
408.5944007
408.6157641
408.6371393
408.6585076
408.6798713
408.7012317
408.7226041
408.7439696
408.7653304
408.786702
408.8080662
408.8294254
408.8507952
408.8721574
408.8935146
408.9148824
408.9362425
408.9575976
408.9789632
409.0003212
409.0216742
409.0430377
409.0643936
409.0857443
409.1071057
409.1284595
409.1498081
409.1711673
409.1925189
409.2138654
409.2352225
409.256572
409.2779163
409.2992713
409.3206186
409.3419608
409.3633136
409.3846588
409.4060128
409.4273582
409.4486979
409.4700477
409.4913898
409.5127404
409.5340824
409.5554186
409.576765
409.5981035
409.6194506
409.6407891
409.6621356
409.6834732
409.7048187
409.726155
409.7474992
409.7688342
409.790177
409.8115106
409.832852
409.8541842
409.8755242
409.896855
409.9181936
409.939523
409.9608602
409.9821882
410.0035239
410.0248506
410.0461849
410.0675101
410.088843
410.1101668
410.131484
410.1527976
410.1741222
410.1954398
410.2167664
410.2380846
410.2594111
410.2807144
410.3020311
410.3233421
410.344663
410.3659761
410.3872836
410.4085878
410.4299034
410.451212
410.4725299
410.4938253
410.5151343
410.5364377
410.5577513
410.579043
410.6003486
410.6216624
410.6429678
410.664267
410.6855625
410.7068692
410.7281824
410.7494719
410.7707739
410.7920699
410.8133755
410.8346726
410.8559647
410.8772671
410.8985615
410.9198512
410.9411512
410.9624433
410.9837307
411.0050286
411.0263185
411.0476038
411.0688995
411.0901872
411.1114704
411.1327639
411.1540495
411.1753305
411.1966218
411.2179053
411.2391841
411.2604733
411.2817546
411.3030447
411.3243267
411.3456028
411.3668888
411.3881808
411.409449
411.4307292
411.4520169
411.4732948
411.494567
411.515835
411.5371137
411.558399
411.5796609
411.6009351
411.6222029
411.6434801
411.6647632
411.6860224
411.7072935
411.7285581
411.749832
411.7710978
411.7923719
411.8136242
411.8348893
411.8561485
411.8774175
411.8986786
411.9199482
411.9412092
411.9624782
411.9837382
412.0050061
412.026265
412.0475315
412.068789
412.0900543
412.1113104
412.1325742
412.1538289
412.1750913
412.1963445
412.2176055
412.2388573
412.2601169
412.2813673
412.3026254
412.3238744
412.3451311
412.3663787
412.3876339
412.40888
412.4301339
412.4513786
412.472631
412.4938742
412.5151252
412.5363671
412.5576166
412.578857
412.6001051
412.6213441
412.6425908
412.6638283
412.6850736
412.7063096
412.7275399
412.7487796
412.7700115
412.7912518
412.8124835
412.8337097
412.8549455
412.8761735
412.8974101
412.9186381
412.9398605
412.9610927
412.9823171
413.0035365
413.0247659
413.0459878
413.0672049
413.0884319
413.1096515
413.1308663
413.1520912
413.1733086
413.1945212
413.2157438
413.236959
413.2581694
413.2793898
413.3006028
413.321811
413.3430292
413.36424
413.385446
413.4066487
413.4278623
413.4490691
413.4702715
413.4914708
413.5126811
413.5338848
413.5550841
413.5762804
413.5974878
413.6186885
413.6398848
413.6610781
413.682295
413.7035011
413.7247
413.7458941
413.7670847
413.788286
413.8094931
413.8306914
413.8518839
413.8730722
413.8942576
413.9154664
413.9366646
413.9578555
413.9790415
414.0002365
414.0214249
414.0426086
414.063789
414.0849794
414.1061637
414.1273438
414.1485208
414.1697079
414.1908892
414.2120662
414.2332525
414.2544325
414.2756079
414.2967924
414.3179704
414.3391438
414.3603262
414.3815021
414.4026733
414.4238535
414.4450271
414.4661961
414.487374
414.5085455
414.5297244
414.5508961
414.5720625
414.5932374
414.6144056
414.6355812
414.6567494
414.6779244
414.6990917
414.7202656
414.7414317
414.7626043
414.7837691
414.8049403
414.8261036
414.8472734
414.8684352
414.8896035
414.9107639
414.9319307
414.9530896
414.9742549
414.9954123
415.0165761
415.037732
415.0588944
415.0800488
415.1012096
415.1223625
415.1435219
415.1646733
415.1858312
415.206993
415.2281455
415.2493033
415.2704524
415.2916075
415.3127663
415.3339155
415.3550698
415.3762273
415.397375
415.4185275
415.4396831
415.4608287
415.4819792
415.5031326
415.5242761
415.5454244
415.5665756
415.5877168
415.6088629
415.6300119
415.6511626
415.6723026
415.6934468
415.7145936
415.7357419
415.7568793
415.7780082
415.7991438
415.8202836
415.841426
415.8625583
415.8836951
415.9048222
415.9259552
415.9470917
415.9682304
415.9893704
416.0104868
416.0316113
416.0527409
416.0738738
416.0949961
416.1161235
416.1372542
416.1583868
416.1795079
416.2006336
416.2217621
416.2428923
416.2640108
416.2851337
416.3062594
416.3273742
416.3484939
416.3696167
416.3907288
416.4118459
416.4329662
416.4540759
416.4751906
416.4963085
416.5174159
416.5385283
416.5596439
416.5807489
416.601859
416.6229599
416.6440667
416.6651772
416.6862776
416.7073833
416.72848
416.7495826
416.7706769
416.7917773
416.8128695
416.833968
416.8550585
416.8761553
416.8972441
416.9183393
416.9394264
416.96052
416.9816055
417.0027085
417.0238003
417.0448961
417.0659822
417.0870736
417.1081562
417.1292557
417.1503436
417.1714352
417.192517
417.213615
417.2347008
417.25579
417.2768692
417.2979524
417.3190392
417.3401161
417.3612089
417.3822894
417.4033615
417.4244501
417.4455272
417.4665961
417.4876818
417.5087561
417.5298223
417.5509054
417.5719772
417.5930518
417.6141293
417.6352071
417.6562744
417.6773568
417.6984266
417.7194984
417.7405606
417.7616384
417.7827041
417.803772
417.8248306
417.8459049
417.8669672
417.8880316
417.9090869
417.9301461
417.9512088
417.9722725
417.9933367
418.0143906
418.0354476
418.056496
418.0775486
418.0986157
418.1196702
418.1407262
418.1617831
418.18283
418.2038801
418.2249322
418.245975
418.2670215
418.2880704
418.3091206
418.3301612
418.3512051
418.3722512
418.3932984
418.4143463
418.4353841
418.4564247
418.4774672
418.4985107
418.5195546
418.5405987
418.5616425
418.5826861
418.603729
418.6247714
418.6458131
418.6668541
418.6878943
418.7089337
418.7299723
418.75101
418.772047
418.793083
418.8141182
418.8351526
418.8561861
418.8772187
418.8982505
418.9192814
418.9403114
418.9613405
418.9823687
419.0033961
419.0244226
419.0454481
419.0664728
419.0874855
419.1085006
419.129527
419.1505515
419.1715743
419.1925956
419.2136044
419.2346251
419.2556442
419.276662
419.2976673
419.3186845
419.3397001
419.3607143
419.3817259
419.4027369
419.423747
419.4447549
419.4657625
419.4867694
419.5077743
419.5287789
419.5497925
419.570792
419.5918014
419.6128083
419.6338115
419.6548135
419.6758128
419.6968113
419.7178078
419.7388037
419.7597978
419.7807914
419.8017833
419.8227844
419.8437717
419.8647689
419.8857623
419.906754
419.9277429
419.9487402
419.9697232
419.9907157
420.011704
420.0326999
420.0536809
420.0746602
420.0956487
420.1166328
420.1376244
420.1586102
420.1795918
420.2005806
420.2215638
420.2425427
420.2635287
420.2845091
420.3054851
420.3264683
420.3474457
420.3684187
420.3893884
420.4103658
420.4313379
420.452306
420.4732709
420.4942333
420.5152039
420.5361697
420.5571317
420.5780997
420.5990631
420.6200228
420.6409794
420.6619335
420.6828944
420.7038512
420.7248046
420.7457641
420.7667191
420.7876704
420.8086274
420.8295797
420.8505368
420.8714887
420.892445
420.9133957
420.9343504
420.9552994
420.9762524
420.9971994
421.0181503
421.0390953
421.060044
421.0809953
421.1019397
421.1228872
421.1438367
421.1647789
421.1857238
421.2066606
421.227601
421.2485439
421.2694799
421.2904187
421.3113495
421.332284
421.3532209
421.3741593
421.3950887
421.4160209
421.4369549
421.4578802
421.4788084
421.4997385
421.5206599
421.5415843
421.5625106
421.5834281
421.6043486
421.6252693
421.6461918
421.6671055
421.6880218
421.7089383
421.7298562
421.7507652
421.7716848
421.7925944
421.8135138
421.8344228
421.8553409
421.8762483
421.8971552
421.918063
421.9389693
421.9598667
421.980774
422.001679
422.0225744
422.0434792
422.0643813
422.0852811
422.106179
422.1270767
422.1479721
422.1688654
422.1897568
422.2106466
422.2315347
422.2524213
422.2733063
422.2941898
422.3150717
422.3359521
422.356831
422.3777156
422.3985971
422.4194757
422.4403518
422.4612327
422.4821099
422.5029836
422.5238617
422.5447354
422.5656127
422.5864851
422.6073605
422.6282308
422.6490947
422.6699626
422.690826
422.7116925
422.732561
422.7534218
422.7742853
422.7951503
422.8160074
422.8368667
422.8577273
422.8785797
422.8994342
422.920281
422.9411302
422.961972
422.9828233
423.0036661
423.0245104
423.0453536
423.0661974
423.0870392
423.1078811
423.1287205
423.149551
423.1703892
423.1912244
423.2120568
423.2328888
423.2537175
423.2745435
423.2953668
423.3161876
423.3370144
423.3578368
423.3786553
423.3994702
423.4202881
423.4411018
423.4619115
423.4827237
423.5035314
423.5243409
423.5451454
423.5659512
423.5867577
423.6075582
423.6283591
423.64916
423.6699602
423.6907512
423.7115426
423.7323336
423.7531237
423.7739043
423.7946908
423.8154755
423.8362559
423.8570346
423.8778091
423.8985818
423.9193501
423.9401221
423.9608887
423.981658
424.002421
424.0231861
424.0439443
424.0646962
424.0854556
424.1062072
424.1269517
424.1476951
424.1684369
424.1891792
424.2099184
424.2306543
424.2513869
424.272116
424.2928414
424.3135629
424.3342856
424.3550033
424.375721
424.3964329
424.4171441
424.4378463
424.4585479
424.4792479
424.4999457
424.5206332
424.5413234
424.5620102
424.5826904
424.6033716
424.6240452
424.6447188
424.6653839
424.6860483
424.7067036
424.7273546
424.7480037
424.7686472
424.7892847
424.8099162
424.8305415
424.8511601
424.8717761
424.8923886
424.9129926
424.9335921
424.9541864
424.9747747
424.9953603
425.0159383
425.0365051
425.0570681
425.0776258
425.0981708
425.1187136
425.1392461
425.1597712
425.1802848
425.2007969
425.2212956
425.2417843
425.2622625
425.2827361
425.3031968
425.3236442
425.344081
425.3645063
425.3849193
425.405319
425.4257076
425.4460839
425.4664403
425.4867831
425.5071111
425.5274194
425.5477139
425.5679868
425.5882436
425.6084767
425.6286879
425.6488825
425.6690499
425.6891919
425.7093074
425.7293955
425.7494551
425.7694849
425.7894837
425.8094502
425.8293774
425.8492688
425.8691192
425.8889319
425.9086997
425.9284262
425.948104
425.9677329
425.9873106
426.006835
426.0263055
426.0457202
426.0650784
426.0843781
426.103612
426.122786
426.141898
426.160941
426.1799141
426.198823
426.2176616
426.236428
426.2551225
426.2737452
426.2922952
426.3107716
426.3291694
426.3474935
426.365739
426.3839105
426.4020031
426.4200173
426.4379528
426.4558101
426.4735888
426.4912893
426.5089071
426.5264472
426.5439058
426.5612823
426.5785782
426.5957934
426.6129291
426.6299845
426.6469607
426.6638537
426.6806682
426.6974002
426.7140505
426.7306199
426.7471085
426.7635175
426.7798428
426.7960854
426.8122505
426.8283341
426.8443373
426.8602608
426.8761008
426.891863
426.9075435
426.9231438
426.9386645
426.9541063
426.9694663
426.9847459
426.9999496
427.0150745
427.0301177
427.0450844
427.0599716
427.0747809
427.0895131
427.1041696
427.1187509
427.1332549
427.1476832
427.1620366
427.1763164
427.1905206
427.2046507
427.2187079
427.2326937
427.2466092
427.2604528
427.2742258
427.2879299
427.3015665
427.3151369
427.3286398
427.342077
427.355452
427.3687643
427.3820153
427.3952061
427.4083385
427.421414
427.434434
427.4474002
427.4603138
427.4731783
427.4859934
427.4987622
427.5114861
427.524168
427.5368096
427.5494117
427.5619773
427.5745089
427.5870076
427.5994758
427.6119147
427.6243263
427.6367128
427.649075
427.6614147
427.6737339
427.6860343
427.6983164
427.7105808
427.72283
427.7350645
427.7472847
427.759492
427.7716876
427.7838718
427.7960459
427.8082099
427.8203651
427.8325117
427.8446497
427.8567803
427.8689036
427.8810204
427.893131
427.9052354
427.9173345
427.9294276
427.9415163
427.9535999
427.9656792
427.9777536
427.9898245
428.0018913
428.013954
428.0260134
428.0380694
428.0501221
428.0621716
428.0742184
428.0862621
428.0983031
428.1103416
428.1223776
428.134411
428.146442
428.1584705
428.1704971
428.1825213
428.1945436
428.2065635
428.2185816
428.2305978
428.2426122
428.2546247
428.2666355
428.2786444
428.290652
428.3026578
428.3146623
428.326665
428.3386663
428.350666
428.3626643
428.3746613
428.3866567
428.3986507
428.4106434
428.4226349
428.434625
428.4466139
428.4586015
428.4705878
428.4825729
428.4945571
428.50654
428.5185216
428.5305021
428.5424815
428.5544598
428.5664372
428.5784133
428.5903882
428.6023622
428.6143353
428.6263072
428.6382781
428.6502479
428.6622168
428.6741847
428.6861515
428.6981174
428.7100824
428.7220464
428.7340093
428.7459713
428.7579325
428.7698927
428.781852
428.7938104
428.8057677
428.8177241
428.8296796
428.8416342
428.8535879
428.8655407
428.8774927
428.8894438
428.9013939
428.9133432
428.9252916
428.9372392
428.9491858
428.9611316
428.9730765
428.9850206
428.9969637
429.008906
429.0208474
429.032788
429.0447277
429.0566665
429.0686044
429.0805415
429.0924778
429.1044131
429.1163477
429.1282813
429.1402142
429.1521461
429.1640772
429.1760075
429.1879369
429.1998655
429.2117932
429.2237201
429.2356462
429.2475714
429.2594958
429.2714194
429.2833421
429.295264
429.3071851
429.3191054
429.3310248
429.3429434
429.3548612
429.3667782
429.3786944
429.3906097
429.4025243
429.414438
429.426351
429.4382631
429.4501744
429.462085
429.4739947
429.4859036
429.4978118
429.5097191
429.5216257
429.5335315
429.5454364
429.5573406
429.5692441
429.5811467
429.5930486
429.6049496
429.6168499
429.6287495
429.6406482
429.6525462
429.6644434
429.6763399
429.6882356
429.7001305
429.7120247
429.7239181
429.7358107
429.7477026
429.7595937
429.7714841
429.7833737
429.7952626
429.8071508
429.8190381
429.8309248
429.8428107
429.8546958
429.8665802
429.8784639
429.8903468
429.902229
429.9141104
429.9259911
429.9378711
429.9497504
429.9616289
429.9735067
429.9853837
429.9972601
430.0091357
430.0210105
430.0328847
430.0447581
430.0566308
430.0685028
430.0803741
430.0922447
430.1041145
430.1159836
430.127852
430.1397197
430.1515867
430.1634529
430.1753185
430.1871833
430.1990474
430.2109108
430.2227736
430.2346356
430.2464969
430.2583574
430.2702173
430.2820765
430.293935
430.3057928
430.3176498
430.3295062
430.3413619
430.3532168
430.3650711
430.3769247
430.3887776
430.4006297
430.4124812
430.424332
430.4361821
430.4480315
430.4598802
430.4717282
430.4835755
430.4954221
430.507268
430.5191133
430.5309578
430.5428017
430.5546448
430.5664873
430.5783291
430.5901702
430.6020106
430.6138503
430.6256893
430.6375277
430.6493653
430.6612023
430.6730386
430.6848742
430.6967091
430.7085433
430.7203769
430.7322097
430.7440419
430.7558734
430.7677042
430.7795343
430.7913638
430.8031925
430.8150206
430.826848
430.8386747
430.8505007
430.8623261
430.8741508
430.8859748
430.8977981
430.9096207
430.9214427
430.9332639
430.9450845
430.9569044
430.9687237
430.9805422
430.9923601
431.0041773
431.0159938
431.0278097
431.0396249
431.0514393
431.0632532
431.0750663
431.0868788
431.0986905
431.1105017
431.1223121
431.1341218
431.1459309
431.1577393
431.169547
431.1813541
431.1931605
431.2049662
431.2167712
431.2285756
431.2403792
431.2521822
431.2639846
431.2757862
431.2875872
431.2993875
431.3111871
431.3229861
431.3347844
431.346582
431.3583789
431.3701752
431.3819708
431.3937657
431.40556
431.4173536
431.4291465
431.4409387
431.4527302
431.4645211
431.4763113
431.4881009
431.4998898
431.511678
431.5234655
431.5352523
431.5470385
431.558824
431.5706089
431.582393
431.5941765
431.6059594
431.6177415
431.629523
431.6413038
431.653084
431.6648635
431.6766423
431.6884204
431.7001979
431.7119747
431.7237508
431.7355262
431.747301
431.7590751
431.7708486
431.7826214
431.7943935
431.8061649
431.8179357
431.8297058
431.8414752
431.853244
431.8650121
431.8767795
431.8885463
431.9003123
431.9120778
431.9238425
431.9356066
431.94737
431.9591328
431.9708948
431.9826563
431.994417
432.0061771
432.0179365
432.0296952
432.0414533
432.0532107
432.0649674
432.0767235
432.0884789
432.1002337
432.1119877
432.1237411
432.1354939
432.147246
432.1589974
432.1707481
432.1824982
432.1942476
432.2059963
432.2177444
432.2294918
432.2412385
432.2529846
432.26473
432.2764748
432.2882188
432.2999623
432.311705
432.3234471
432.3351885
432.3469293
432.3586693
432.3704088
432.3821475
432.3938856
432.405623
432.4173598
432.4290959
432.4408313
432.4525661
432.4643002
432.4760337
432.4877664
432.4994985
432.51123
432.5229608
432.5346909
432.5464204
432.5581492
432.5698773
432.5816047
432.5933316
432.6050577
432.6167832
432.628508
432.6402321
432.6519556
432.6636784
432.6754006
432.6871221
432.6988429
432.7105631
432.7222826
432.7340015
432.7457197
432.7574372
432.7691541
432.7808703
432.7925858
432.8043007
432.8160149
432.8277284
432.8394413
432.8511536
432.8628651
432.874576
432.8862863
432.8979959
432.9097048
432.9214131
432.9331207
432.9448276
432.9565339
432.9682395
432.9799445
432.9916488
433.0033524
433.0150554
433.0267577
433.0384593
433.0501603
433.0618607
433.0735604
433.0852594
433.0969577
433.1086554
433.1203525
433.1320488
433.1437446
433.1554396
433.167134
433.1788278
433.1905208
433.2022133
433.213905
433.2255961
433.2372866
433.2489764
433.2606655
433.272354
433.2840418
433.2957289
433.3074154
433.3191013
433.3307864
433.342471
433.3541548
433.365838
433.3775206
433.3892025
433.4008837
433.4125643
433.4242442
433.4359234
433.447602
433.45928
433.4709573
433.4826339
433.4943099
433.5059852
433.5176599
433.5293339
433.5410072
433.5526799
433.5643519
433.5760233
433.587694
433.5993641
433.6110335
433.6227022
433.6343703
433.6460378
433.6577046
433.6693707
433.6810362
433.692701
433.7043651
433.7160286
433.7276915
433.7393537
433.7510152
433.7626761
433.7743364
433.7859959
433.7976548
433.8093131
433.8209707
433.8326277
433.844284
433.8559396
433.8675946
433.879249
433.8909026
433.9025557
433.9142081
433.9258598
433.9375108
433.9491613
433.960811
433.9724601
433.9841086
433.9957564
434.0074035
434.01905
434.0306959
434.0423411
434.0539856
434.0656295
434.0772727
434.0889153
434.1005572
434.1121985
434.1238391
434.135479
434.1471184
434.158757
434.170395
434.1820324
434.1936691
434.2053051
434.2169405
434.2285753
434.2402094
434.2518428
434.2634756
434.2751078
434.2867393
434.2983701
434.3100003
434.3216298
434.3332587
434.3448869
434.3565145
434.3681415
434.3797677
434.3913934
434.4030184
434.4146427
434.4262664
434.4378894
434.4495118
434.4611335
434.4727546
434.484375
434.4959948
434.5076139
434.5192324
434.5308502
434.5424674
434.5540839
434.5656998
434.5773151
434.5889296
434.6005436
434.6121569
434.6237695
434.6353815
434.6469928
434.6586035
434.6702135
434.6818229
434.6934317
434.7050398
434.7166472
434.728254
434.7398602
434.7514657
434.7630705
434.7746747
434.7862783
434.7978812
434.8094835
434.8210851
434.832686
434.8442864
434.855886
434.867485
434.8790834
434.8906812
434.9022782
434.9138747
434.9254705
434.9370656
434.9486601
434.9602539
434.9718471
434.9834397
434.9950316
435.0066229
435.0182135
435.0298034
435.0413928
435.0529814
435.0645695
435.0761569
435.0877436
435.0993297
435.1109151
435.1224999
435.1340841
435.1456676
435.1572505
435.1688327
435.1804143
435.1919952
435.2035755
435.2151551
435.2267341
435.2383125
435.2498902
435.2614672
435.2730437
435.2846194
435.2961946
435.307769
435.3193429
435.3309161
435.3424886
435.3540605
435.3656318
435.3772024
435.3887724
435.4003417
435.4119104
435.4234785
435.4350459
435.4466126
435.4581787
435.4697442
435.481309
435.4928732
435.5044368
435.5159997
435.5275619
435.5391235
435.5506845
435.5622448
435.5738045
435.5853636
435.596922
435.6084797
435.6200368
435.6315933
435.6431491
435.6547043
435.6662589
435.6778128
435.6893661
435.7009187
435.7124707
435.724022
435.7355727
435.7471228
435.7586722
435.770221
435.7817691
435.7933166
435.8048635
435.8164097
435.8279552
435.8395002
435.8510445
435.8625881
435.8741311
435.8856735
435.8972152
435.9087563
435.9202968
435.9318366
435.9433757
435.9549143
435.9664522
435.9779894
435.989526
436.001062
436.0125973
436.024132
436.0356661
436.0471995
436.0587323
436.0702644
436.0817959
436.0933267
436.104857
436.1163865
436.1279155
436.1394438
436.1509715
436.1624985
436.1740249
436.1855506
436.1970757
436.2086002
436.220124
436.2316472
436.2431698
436.2546917
436.266213
436.2777336
436.2892536
436.300773
436.3122918
436.3238099
436.3353273
436.3468441
436.3583603
436.3698759
436.3813908
436.3929051
436.4044187
436.4159317
436.4274441
436.4389558
436.4504669
436.4619773
436.4734871
436.4849963
436.4965049
436.5080128
436.5195201
436.5310267
436.5425327
436.5540381
436.5655428
436.5770469
436.5885504
436.6000532
436.6115554
436.6230569
436.6345578
436.6460581
436.6575578
436.6690568
436.6805552
436.6920529
436.70355
436.7150465
436.7265423
436.7380375
436.7495321
436.761026
436.7725193
436.784012
436.795504
436.8069954
436.8184862
436.8299763
436.8414658
436.8529547
436.8644429
436.8759305
436.8874175
436.8989038
436.9103895
436.9218746
436.933359
436.9448428
436.956326
436.9678085
436.9792904
436.9907717
437.0022523
437.0137323
437.0252117
437.0366904
437.0481685
437.059646
437.0711228
437.082599
437.0940746
437.1055496
437.1170239
437.1284976
437.1399706
437.151443
437.1629148
437.174386
437.1858565
437.1973264
437.2087956
437.2202643
437.2317323
437.2431996
437.2546664
437.2661325
437.2775979
437.2890628
437.300527
437.3119906
437.3234535
437.3349158
437.3463775
437.3578386
437.369299
437.3807588
437.392218
437.4036765
437.4151344
437.4265917
437.4380484
437.4495044
437.4609598
437.4724145
437.4838687
437.4953222
437.506775
437.5182273
437.5296789
437.5411299
437.5525802
437.56403
437.5754791
437.5869275
437.5983754
437.6098226
437.6212692
437.6327151
437.6441604
437.6556051
437.6670492
437.6784927
437.6899355
437.7013777
437.7128192
437.7242601
437.7357005
437.7471401
437.7585792
437.7700176
437.7814554
437.7928926
437.8043291
437.815765
437.8272003
437.8386349
437.850069
437.8615024
437.8729352
437.8843673
437.8957988
437.9072297
437.91866
437.9300896
437.9415187
437.9529471
437.9643748
437.975802
437.9872285
437.9986544
438.0100796
438.0215043
438.0329283
438.0443516
438.0557744
438.0671965
438.078618
438.0900389
438.1014592
438.1128788
438.1242978
438.1357162
438.147134
438.1585511
438.1699676
438.1813835
438.1927987
438.2042134
438.2156274
438.2270408
438.2384535
438.2498657
438.2612772
438.2726881
438.2840983
438.295508
438.306917
438.3183254
438.3297331
438.3411403
438.3525468
438.3639527
438.375358
438.3867626
438.3981666
438.40957
438.4209728
438.432375
438.4437765
438.4551774
438.4665777
438.4779774
438.4893764
438.5007748
438.5121726
438.5235698
438.5349664
438.5463623
438.5577576
438.5691523
438.5805464
438.5919398
438.6033326
438.6147248
438.6261164
438.6375074
438.6488977
438.6602874
438.6716765
438.683065
438.6944528
438.70584
438.7172266
438.7286126
438.739998
438.7513827
438.7627669
438.7741504
438.7855332
438.7969155
438.8082971
438.8196782
438.8310586
438.8424383
438.8538175
438.865196
438.8765739
438.8879512
438.8993279
438.910704
438.9220794
438.9334542
438.9448284
438.956202
438.967575
438.9789473
438.990319
439.0016901
439.0130606
439.0244305
439.0357997
439.0471684
439.0585364
439.0699037
439.0812705
439.0926367
439.1040022
439.1153671
439.1267314
439.1380951
439.1494581
439.1608206
439.1721824
439.1835436
439.1949042
439.2062642
439.2176235
439.2289822
439.2403404
439.2516979
439.2630547
439.274411
439.2857666
439.2971217
439.3084761
439.3198299
439.331183
439.3425356
439.3538875
439.3652389
439.3765896
439.3879397
439.3992891
439.410638
439.4219863
439.4333339
439.4446809
439.4560273
439.4673731
439.4787182
439.4900628
439.5014067
439.51275
439.5240927
439.5354348
439.5467762
439.5581171
439.5694573
439.580797
439.592136
439.6034743
439.6148121
439.6261493
439.6374858
439.6488218
439.6601571
439.6714918
439.6828258
439.6941593
439.7054922
439.7168244
439.728156
439.7394871
439.7508174
439.7621472
439.7734764
439.784805
439.7961329
439.8074602
439.8187869
439.830113
439.8414385
439.8527634
439.8640877
439.8754113
439.8867343
439.8980567
439.9093786
439.9206997
439.9320203
439.9433403
439.9546596
439.9659784
439.9772965
439.988614
439.9999309
440.0112472
440.0225629
440.033878
440.0451924
440.0565062
440.0678195
440.0791321
440.0904441
440.1017555
440.1130663
440.1243764
440.135686
440.1469949
440.1583033
440.169611
440.1809181
440.1922246
440.2035305
440.2148357
440.2261404
440.2374445
440.2487479
440.2600507
440.271353
440.2826546
440.2939556
440.305256
440.3165557
440.3278549
440.3391535
440.3504514
440.3617487
440.3730455
440.3843416
440.3956371
440.406932
440.4182263
440.4295199
440.440813
440.4521055
440.4633973
440.4746885
440.4859792
440.4972692
440.5085586
440.5198474
440.5311356
440.5424232
440.5537101
440.5649965
440.5762823
440.5875674
440.5988519
440.6101359
440.6214192
440.6327019
440.643984
440.6552655
440.6665464
440.6778267
440.6891063
440.7003854
440.7116638
440.7229417
440.7342189
440.7454956
440.7567716
440.768047
440.7793218
440.790596
440.8018696
440.8131426
440.824415
440.8356867
440.8469579
440.8582284
440.8694984
440.8807677
440.8920365
440.9033046
440.9145721
440.925839
440.9371053
440.9483711
440.9596361
440.9709006
440.9821645
440.9934278
441.0046905
441.0159525
441.027214
441.0384748
441.0497351
441.0609947
441.0722538
441.0835122
441.09477
441.1060272
441.1172839
441.1285399
441.1397953
441.1510501
441.1623043
441.1735579
441.1848108
441.1960632
441.207315
441.2185662
441.2298167
441.2410667
441.252316
441.2635648
441.2748129
441.2860605
441.2973074
441.3085538
441.3197995
441.3310446
441.3422891
441.3535331
441.3647764
441.3760191
441.3872612
441.3985027
441.4097436
441.4209839
441.4322236
441.4434627
441.4547012
441.4659391
441.4771763
441.488413
441.4996491
441.5108846
441.5221194
441.5333537
441.5445874
441.5558204
441.5670529
441.5782847
441.589516
441.6007467
441.6119767
441.6232061
441.634435
441.6456632
441.6568909
441.6681179
441.6793444
441.6905702
441.7017954
441.7130201
441.7242441
441.7354675
441.7466904
441.7579126
441.7691342
441.7803553
441.7915757
441.8027955
441.8140147
441.8252334
441.8364514
441.8476688
441.8588856
441.8701018
441.8813175
441.8925325
441.9037469
441.9149607
441.9261739
441.9373866
441.9485986
441.95981
441.9710208
441.982231
441.9934407
442.0046497
442.0158581
442.0270659
442.0382731
442.0494798
442.0606858
442.0718912
442.083096
442.0943003
442.1055039
442.1167069
442.1279094
442.1391112
442.1503124
442.1615131
442.1727131
442.1839125
442.1951114
442.2063096
442.2175072
442.2287043
442.2399007
442.2510966
442.2622918
442.2734865
442.2846805
442.295874
442.3070669
442.3182591
442.3294508
442.3406418
442.3518323
442.3630222
442.3742115
442.3854001
442.3965882
442.4077757
442.4189626
442.4301489
442.4413346
442.4525197
442.4637041
442.4748881
442.4860714
442.4972541
442.5084362
442.5196177
442.5307986
442.5419789
442.5531587
442.5643378
442.5755163
442.5866943
442.5978716
442.6090484
442.6202245
442.6314001
442.642575
442.6537494
442.6649232
442.6760963
442.6872689
442.6984409
442.7096123
442.7207831
442.7319533
442.7431229
442.7542919
442.7654603
442.7766281
442.7877954
442.798962
442.810128
442.8212935
442.8324583
442.8436226
442.8547862
442.8659493
442.8771118
442.8882736
442.8994349
442.9105956
442.9217557
442.9329152
442.9440741
442.9552324
442.9663902
442.9775473
442.9887038
442.9998598
443.0110151
443.0221699
443.033324
443.0444776
443.0556306
443.066783
443.0779347
443.0890859
443.1002365
443.1113866
443.122536
443.1336848
443.144833
443.1559807
443.1671277
443.1782742
443.1894201
443.2005653
443.21171
443.2228541
443.2339976
443.2451405
443.2562828
443.2674246
443.2785657
443.2897062
443.3008462
443.3119855
443.3231243
443.3342625
443.3454001
443.3565371
443.3676735
443.3788093
443.3899445
443.4010791
443.4122132
443.4233466
443.4344795
443.4456117
443.4567434
443.4678745
443.479005
443.4901349
443.5012642
443.512393
443.5235211
443.5346486
443.5457756
443.556902
443.5680278
443.5791529
443.5902775
443.6014016
443.612525
443.6236478
443.63477
443.6458917
443.6570128
443.6681332
443.6792531
443.6903724
443.7014911
443.7126092
443.7237268
443.7348437
443.7459601
443.7570758
443.768191
443.7793056
443.7904196
443.801533
443.8126458
443.8237581
443.8348697
443.8459808
443.8570913
443.8682011
443.8793104
443.8904191
443.9015273
443.9126348
443.9237417
443.9348481
443.9459539
443.9570591
443.9681637
443.9792677
443.9903711
444.0014739
444.0125762
444.0236778
444.0347789
444.0458794
444.0569793
444.0680786
444.0791774
444.0902755
444.1013731
444.11247
444.1235664
444.1346622
444.1457574
444.156852
444.1679461
444.1790395
444.1901324
444.2012247
444.2123164
444.2234075
444.234498
444.245588
444.2566773
444.2677661
444.2788543
444.2899419
444.3010289
444.3121153
444.3232012
444.3342864
444.3453711
444.3564552
444.3675387
444.3786216
444.389704
444.4007857
444.4118669
444.4229475
444.4340275
444.4451069
444.4561857
444.467264
444.4783416
444.4894187
444.5004952
444.5115711
444.5226465
444.5337212
444.5447954
444.555869
444.5669419
444.5780144
444.5890862
444.6001574
444.6112281
444.6222982
444.6333677
444.6444366
444.6555049
444.6665727
444.6776398
444.6887064
444.6997724
444.7108378
444.7219027
444.7329669
444.7440306
444.7550937
444.7661562
444.7772181
444.7882794
444.7993402
444.8104004
444.82146
444.832519
444.8435774
444.8546353
444.8656926
444.8767492
444.8878053
444.8988609
444.9099158
444.9209702
444.932024
444.9430772
444.9541298
444.9651818
444.9762333
444.9872842
444.9983345
445.0093842
445.0204333
445.0314819
445.0425298
445.0535772
445.0646241
445.0756703
445.0867159
445.097761
445.1088055
445.1198494
445.1308928
445.1419355
445.1529777
445.1640193
445.1750603
445.1861007
445.1971406
445.2081799
445.2192186
445.2302567
445.2412942
445.2523312
445.2633676
445.2744034
445.2854386
445.2964732
445.3075073
445.3185408
445.3295737
445.340606
445.3516378
445.3626689
445.3736995
445.3847296
445.395759
445.4067879
445.4178161
445.4288438
445.439871
445.4508975
445.4619235
445.4729489
445.4839737
445.4949979
445.5060216
445.5170447
445.5280672
445.5390891
445.5501104
445.5611312
445.5721514
445.583171
445.5941901
445.6052085
445.6162264
445.6272437
445.6382605
445.6492766
445.6602922
445.6713072
445.6823216
445.6933355
445.7043488
445.7153615
445.7263736
445.7373851
445.7483961
445.7594065
445.7704163
445.7814256
445.7924342
445.8034423
445.8144498
445.8254568
445.8364631
445.8474689
445.8584741
445.8694788
445.8804828
445.8914863
445.9024892
445.9134916
445.9244933
445.9354945
445.9464951
445.9574952
445.9684946
445.9794935
445.9904918
446.0014896
446.0124868
446.0234833
446.0344794
446.0454748
446.0564697
446.067464
446.0784577
446.0894508
446.1004434
446.1114354
446.1224268
446.1334177
446.144408
446.1553977
446.1663868
446.1773754
446.1883633
446.1993507
446.2103376
446.2213238
446.2323095
446.2432947
446.2542792
446.2652632
446.2762466
446.2872294
446.2982117
446.3091933
446.3201744
446.331155
446.3421349
446.3531143
446.3640932