265
265.02
265.04
265.06
265.08
265.1
265.12
265.14
265.16
265.18
265.2
265.22
265.24
265.26
265.28
265.3
265.32
265.34
265.36
265.38
265.4
265.42
265.44
265.46
265.48
265.5
265.52
265.54
265.56
265.58
265.6
265.62
265.64
265.66
265.68
265.7
265.72
265.74
265.76
265.78
265.8
265.82
265.84
265.86
265.88
265.9
265.92
265.94
265.96
265.98
266
266.02
266.04
266.06
266.08
266.1
266.12
266.14
266.16
266.18
266.2
266.22
266.24
266.26
266.28
266.3
266.32
266.34
266.36
266.38
266.4
266.42
266.44
266.46
266.48
266.5
266.52
266.54
266.56
266.58
266.6
266.62
266.64
266.66
266.68
266.7
266.72
266.74
266.76
266.78
266.8
266.82
266.84
266.86
266.88
266.9
266.92
266.94
266.96
266.98
267
267.02
267.04
267.06
267.08
267.1
267.12
267.14
267.16
267.18
267.2
267.22
267.24
267.26
267.28
267.3
267.32
267.34
267.36
267.38
267.4
267.42
267.44
267.46
267.48
267.5
267.52
267.54
267.56
267.58
267.6
267.62
267.64
267.66
267.68
267.7
267.72
267.74
267.76
267.78
267.8
267.82
267.84
267.86
267.88
267.9
267.92
267.94
267.96
267.98
268
268.02
268.04
268.06
268.08
268.1
268.12
268.14
268.16
268.18
268.2
268.22
268.24
268.26
268.28
268.3
268.32
268.34
268.36
268.38
268.4
268.42
268.44
268.46
268.48
268.5
268.52
268.54
268.56
268.58
268.6
268.62
268.64
268.66
268.68
268.7
268.72
268.74
268.76
268.78
268.8
268.82
268.84
268.86
268.88
268.9
268.92
268.94
268.96
268.98
269
269.02
269.04
269.06
269.08
269.1
269.12
269.14
269.16
269.18
269.2
269.22
269.24
269.26
269.28
269.3
269.32
269.34
269.36
269.38
269.4
269.42
269.44
269.46
269.48
269.5
269.52
269.54
269.56
269.58
269.6
269.62
269.64
269.66
269.68
269.7
269.72
269.74
269.76
269.78
269.8
269.82
269.84
269.86
269.88
269.9
269.92
269.94
269.96
269.98
270
270.02
270.04
270.06
270.08
270.1
270.12
270.14
270.16
270.18
270.2
270.22
270.24
270.26
270.28
270.3
270.32
270.34
270.36
270.38
270.4
270.42
270.44
270.46
270.48
270.5
270.52
270.54
270.56
270.58
270.6
270.62
270.64
270.66
270.68
270.7
270.72
270.74
270.76
270.78
270.8
270.82
270.84
270.86
270.88
270.9
270.92
270.94
270.96
270.98
271
271.02
271.04
271.06
271.08
271.1
271.12
271.14
271.16
271.18
271.2
271.22
271.24
271.26
271.28
271.3
271.32
271.34
271.36
271.38
271.4
271.42
271.44
271.46
271.48
271.5
271.52
271.54
271.56
271.58
271.6
271.62
271.64
271.66
271.68
271.7
271.72
271.74
271.76
271.78
271.8
271.82
271.84
271.86
271.88
271.9
271.92
271.94
271.96
271.98
272
272.02
272.04
272.06
272.08
272.1
272.12
272.14
272.16
272.18
272.2
272.22
272.24
272.26
272.28
272.3
272.32
272.34
272.36
272.38
272.4
272.42
272.44
272.46
272.48
272.5
272.52
272.54
272.56
272.58
272.6
272.62
272.64
272.66
272.68
272.7
272.72
272.74
272.76
272.78
272.8
272.82
272.84
272.86
272.88
272.9
272.92
272.94
272.96
272.98
273
273.02
273.04
273.06
273.08
273.1
273.12
273.14
273.16
273.18
273.2
273.22
273.24
273.26
273.28
273.3
273.32
273.34
273.36
273.38
273.4
273.42
273.44
273.46
273.48
273.5
273.52
273.54
273.56
273.58
273.6
273.62
273.64
273.66
273.68
273.7
273.72
273.74
273.76
273.78
273.8
273.82
273.84
273.86
273.88
273.9
273.92
273.94
273.96
273.98
274
274.02
274.04
274.06
274.08
274.1
274.12
274.14
274.16
274.18
274.2
274.22
274.24
274.26
274.28
274.3
274.32
274.34
274.36
274.38
274.4
274.42
274.44
274.46
274.48
274.5
274.52
274.54
274.56
274.58
274.6
274.62
274.64
274.66
274.68
274.7
274.72
274.74
274.76
274.78
274.8
274.82
274.84
274.86
274.88
274.9
274.92
274.94
274.96
274.98
275
275.02
275.04
275.06
275.08
275.1
275.12
275.14
275.16
275.18
275.2
275.22
275.24
275.26
275.28
275.3
275.32
275.34
275.36
275.38
275.4
275.42
275.44
275.46
275.48
275.5
275.52
275.54
275.56
275.58
275.6
275.62
275.64
275.66
275.68
275.7
275.72
275.74
275.76
275.78
275.8
275.82
275.84
275.86
275.88
275.9
275.92
275.94
275.96
275.98
276
276.02
276.04
276.06
276.08
276.1
276.12
276.14
276.16
276.18
276.2
276.22
276.24
276.26
276.28
276.3
276.32
276.34
276.36
276.38
276.4
276.42
276.44
276.46
276.48
276.5
276.52
276.54
276.56
276.58
276.6
276.62
276.64
276.66
276.68
276.7
276.72
276.74
276.76
276.78
276.8
276.82
276.84
276.86
276.88
276.9
276.92
276.94
276.96
276.98
277
277.02
277.04
277.06
277.08
277.1
277.12
277.14
277.16
277.18
277.2
277.22
277.24
277.26
277.28
277.3
277.32
277.34
277.36
277.38
277.4
277.42
277.44
277.46
277.48
277.5
277.52
277.54
277.56
277.58
277.6
277.62
277.64
277.66
277.68
277.7
277.72
277.74
277.76
277.78
277.8
277.82
277.84
277.86
277.88
277.9
277.92
277.94
277.96
277.98
278
278.02
278.04
278.06
278.08
278.1
278.12
278.14
278.16
278.18
278.2
278.22
278.24
278.26
278.28
278.3
278.32
278.34
278.36
278.38
278.4
278.42
278.44
278.46
278.48
278.5
278.52
278.54
278.56
278.58
278.6
278.62
278.64
278.66
278.68
278.7
278.72
278.74
278.76
278.78
278.8
278.82
278.84
278.86
278.88
278.9
278.92
278.94
278.96
278.98
279
279.02
279.04
279.06
279.08
279.1
279.12
279.14
279.16
279.18
279.2
279.22
279.24
279.26
279.28
279.3
279.32
279.34
279.36
279.38
279.4
279.42
279.44
279.46
279.48
279.5
279.52
279.54
279.56
279.58
279.6
279.62
279.64
279.66
279.68
279.7
279.72
279.74
279.76
279.78
279.8
279.82
279.84
279.86
279.88
279.9
279.92
279.94
279.96
279.98
280
280.02
280.04
280.06
280.08
280.1
280.12
280.14
280.16
280.18
280.2
280.22
280.24
280.26
280.28
280.3
280.32
280.34
280.36
280.38
280.4
280.42
280.44
280.46
280.48
280.5
280.52
280.54
280.56
280.58
280.6
280.62
280.64
280.66
280.68
280.7
280.72
280.74
280.76
280.78
280.8
280.82
280.84
280.86
280.88
280.9
280.92
280.94
280.96
280.98
281
281.02
281.04
281.06
281.08
281.1
281.12
281.14
281.16
281.18
281.2
281.22
281.24
281.26
281.28
281.3
281.32
281.34
281.36
281.38
281.4
281.42
281.44
281.46
281.48
281.5
281.52
281.54
281.56
281.58
281.6
281.62
281.64
281.66
281.68
281.7
281.72
281.74
281.76
281.78
281.8
281.82
281.84
281.86
281.88
281.9
281.92
281.94
281.96
281.98
282
282.02
282.04
282.06
282.08
282.1
282.12
282.14
282.16
282.18
282.2
282.22
282.24
282.26
282.28
282.3
282.32
282.34
282.36
282.38
282.4
282.42
282.44
282.46
282.48
282.5
282.52
282.54
282.56
282.58
282.6
282.62
282.64
282.66
282.68
282.7
282.72
282.74
282.76
282.78
282.8
282.82
282.84
282.86
282.88
282.9
282.92
282.94
282.96
282.98
283
283.02
283.04
283.06
283.08
283.1
283.12
283.14
283.16
283.18
283.2
283.22
283.24
283.26
283.28
283.3
283.32
283.34
283.36
283.38
283.4
283.42
283.44
283.46
283.48
283.5
283.52
283.54
283.56
283.58
283.6
283.62
283.64
283.66
283.68
283.7
283.72
283.74
283.76
283.78
283.8
283.82
283.84
283.86
283.88
283.9
283.92
283.94
283.96
283.98
284
284.02
284.04
284.06
284.08
284.1
284.12
284.14
284.16
284.18
284.2
284.22
284.24
284.26
284.28
284.3
284.32
284.34
284.36
284.38
284.4
284.42
284.44
284.46
284.48
284.5
284.52
284.54
284.56
284.58
284.6
284.62
284.64
284.66
284.68
284.7
284.72
284.74
284.76
284.78
284.8
284.82
284.84
284.86
284.88
284.9
284.92
284.94
284.96
284.98
285
285.02
285.04
285.06
285.08
285.1
285.12
285.14
285.16
285.18
285.2
285.22
285.24
285.26
285.28
285.3
285.32
285.34
285.36
285.38
285.4
285.42
285.44
285.46
285.48
285.5
285.52
285.54
285.56
285.58
285.6
285.62
285.64
285.66
285.68
285.7
285.72
285.74
285.76
285.78
285.8
285.82
285.84
285.86
285.88
285.9
285.92
285.94
285.96
285.98
286
286.02
286.04
286.06
286.08
286.1
286.12
286.14
286.16
286.18
286.2
286.22
286.24
286.26
286.28
286.3
286.32
286.34
286.36
286.38
286.4
286.42
286.44
286.46
286.48
286.5
286.52
286.54
286.56
286.58
286.6
286.62
286.64
286.66
286.68
286.7
286.72
286.74
286.76
286.78
286.8
286.82
286.84
286.86
286.88
286.9
286.92
286.94
286.96
286.98
287
287.02
287.04
287.06
287.08
287.1
287.12
287.14
287.16
287.18
287.2
287.22
287.24
287.26
287.28
287.3
287.32
287.34
287.36
287.38
287.4
287.42
287.44
287.46
287.48
287.5
287.52
287.54
287.56
287.58
287.6
287.62
287.64
287.66
287.68
287.7
287.72
287.74
287.76
287.78
287.8
287.82
287.84
287.86
287.88
287.9
287.92
287.94
287.96
287.98
288
288.02
288.04
288.06
288.08
288.1
288.12
288.14
288.16
288.18
288.2
288.22
288.24
288.26
288.28
288.3
288.32
288.34
288.36
288.38
288.4
288.42
288.44
288.46
288.48
288.5
288.52
288.54
288.56
288.58
288.6
288.62
288.64
288.66
288.68
288.7
288.72
288.74
288.76
288.78
288.8
288.82
288.84
288.86
288.88
288.9
288.92
288.94
288.96
288.98
289
289.02
289.04
289.06
289.08
289.1
289.12
289.14
289.16
289.18
289.2
289.22
289.24
289.26
289.28
289.3
289.32
289.34
289.36
289.38
289.4
289.42
289.44
289.46
289.48
289.5
289.52
289.54
289.56
289.58
289.6
289.62
289.64
289.66
289.68
289.7
289.72
289.74
289.76
289.78
289.8
289.82
289.84
289.86
289.88
289.9
289.92
289.94
289.96
289.98
290
290.02
290.04
290.06
290.08
290.1
290.12
290.14
290.16
290.18
290.2
290.22
290.24
290.26
290.28
290.3
290.32
290.34
290.36
290.38
290.4
290.42
290.44
290.46
290.48
290.5
290.52
290.54
290.56
290.58
290.6
290.62
290.64
290.66
290.68
290.7
290.72
290.74
290.76
290.78
290.8
290.82
290.84
290.86
290.88
290.9
290.92
290.94
290.96
290.98
291
291.02
291.04
291.06
291.08
291.1
291.12
291.14
291.16
291.18
291.2
291.22
291.24
291.26
291.28
291.3
291.32
291.34
291.36
291.38
291.4
291.42
291.44
291.46
291.48
291.5
291.52
291.54
291.56
291.58
291.6
291.62
291.64
291.66
291.68
291.7
291.72
291.74
291.76
291.78
291.8
291.82
291.84
291.86
291.88
291.9
291.92
291.94
291.96
291.98
292
292.02
292.04
292.06
292.08
292.1
292.12
292.14
292.16
292.18
292.2
292.22
292.24
292.26
292.28
292.3
292.32
292.34
292.36
292.38
292.4
292.42
292.44
292.46
292.48
292.5
292.52
292.54
292.56
292.58
292.6
292.62
292.64
292.66
292.68
292.7
292.72
292.74
292.76
292.78
292.8
292.82
292.84
292.86
292.88
292.9
292.92
292.94
292.96
292.98
293
293.02
293.04
293.06
293.08
293.1
293.12
293.14
293.16
293.18
293.2
293.22
293.24
293.26
293.28
293.3
293.32
293.34
293.36
293.38
293.4
293.42
293.44
293.46
293.48
293.5
293.52
293.54
293.56
293.58
293.6
293.62
293.64
293.66
293.68
293.7
293.72
293.74
293.76
293.78
293.8
293.82
293.84
293.86
293.88
293.9
293.92
293.94
293.96
293.98
294
294.02
294.04
294.06
294.08
294.1
294.12
294.14
294.16
294.18
294.2
294.22
294.24
294.26
294.28
294.3
294.32
294.34
294.36
294.38
294.4
294.42
294.44
294.46
294.48
294.5
294.52
294.54
294.56
294.58
294.6
294.62
294.64
294.66
294.68
294.7
294.72
294.74
294.76
294.78
294.8
294.82
294.84
294.86
294.88
294.9
294.92
294.94
294.96
294.98
295
295.02
295.04
295.06
295.08
295.1
295.12
295.14
295.16
295.18
295.2
295.22
295.24
295.26
295.28
295.3
295.32
295.34
295.36
295.38
295.4
295.42
295.44
295.46
295.48
295.5
295.52
295.54
295.56
295.58
295.6
295.62
295.64
295.66
295.68
295.7
295.72
295.74
295.76
295.78
295.8
295.82
295.84
295.86
295.88
295.9
295.92
295.94
295.96
295.98
296
296.02
296.04
296.06
296.08
296.1
296.12
296.14
296.16
296.18
296.2
296.22
296.24
296.26
296.28
296.3
296.32
296.34
296.36
296.38
296.4
296.42
296.44
296.46
296.48
296.5
296.52
296.54
296.56
296.58
296.6
296.62
296.64
296.66
296.68
296.7
296.72
296.74
296.76
296.78
296.8
296.82
296.84
296.86
296.88
296.9
296.92
296.94
296.96
296.98
297
297.02
297.04
297.06
297.08
297.1
297.12
297.14
297.16
297.18
297.2
297.22
297.24
297.26
297.28
297.3
297.32
297.34
297.36
297.38
297.4
297.42
297.44
297.46
297.48
297.5
297.52
297.54
297.56
297.58
297.6
297.62
297.64
297.66
297.68
297.7
297.72
297.74
297.76
297.78
297.8
297.82
297.84
297.86
297.88
297.9
297.92
297.94
297.96
297.98
298
298.02
298.04
298.06
298.08
298.1
298.12
298.14
298.16
298.18
298.2
298.22
298.24
298.26
298.28
298.3
298.32
298.34
298.36
298.38
298.4
298.42
298.44
298.46
298.48
298.5
298.52
298.54
298.56
298.58
298.6
298.62
298.64
298.66
298.68
298.7
298.72
298.74
298.76
298.78
298.8
298.82
298.84
298.86
298.88
298.9
298.92
298.94
298.96
298.98
299
299.02
299.04
299.06
299.08
299.1
299.12
299.14
299.16
299.18
299.2
299.22
299.24
299.26
299.28
299.3
299.32
299.34
299.36
299.38
299.4
299.42
299.44
299.46
299.48
299.5
299.52
299.54
299.56
299.58
299.6
299.62
299.64
299.66
299.68
299.7
299.72
299.74
299.76
299.78
299.8
299.82
299.84
299.86
299.88
299.9
299.92
299.94
299.96
299.98
300
300.02
300.04
300.06
300.08
300.1
300.12
300.14
300.16
300.18
300.2
300.22
300.24
300.26
300.28
300.3
300.32
300.34
300.36
300.38
300.4
300.42
300.44
300.46
300.48
300.5
300.52
300.54
300.56
300.58
300.6
300.62
300.64
300.66
300.68
300.7
300.72
300.74
300.76
300.78
300.8
300.82
300.84
300.86
300.88
300.9
300.92
300.94
300.96
300.98
301
301.02
301.04
301.06
301.08
301.1
301.12
301.14
301.16
301.18
301.2
301.22
301.24
301.26
301.28
301.3
301.32
301.34
301.36
301.38
301.4
301.42
301.44
301.46
301.48
301.5
301.52
301.54
301.56
301.58
301.6
301.62
301.64
301.66
301.68
301.7
301.72
301.74
301.76
301.78
301.8
301.82
301.84
301.86
301.88
301.9
301.92
301.94
301.96
301.98
302
302.02
302.04
302.06
302.08
302.1
302.12
302.14
302.16
302.18
302.2
302.22
302.24
302.26
302.28
302.3
302.32
302.34
302.36
302.38
302.4
302.42
302.44
302.46
302.48
302.5
302.52
302.54
302.56
302.58
302.6
302.62
302.64
302.66
302.68
302.7
302.72
302.74
302.76
302.78
302.8
302.82
302.84
302.86
302.88
302.9
302.92
302.94
302.96
302.98
303
303.02
303.04
303.06
303.08
303.1
303.12
303.14
303.16
303.18
303.2
303.22
303.24
303.26
303.28
303.3
303.32
303.34
303.36
303.38
303.4
303.42
303.44
303.46
303.48
303.5
303.52
303.54
303.56
303.58
303.6
303.62
303.64
303.66
303.68
303.7
303.72
303.74
303.76
303.78
303.8
303.82
303.84
303.86
303.88
303.9
303.92
303.94
303.96
303.98
304
304.02
304.04
304.06
304.08
304.1
304.12
304.14
304.16
304.18
304.2
304.22
304.24
304.26
304.28
304.3
304.32
304.34
304.36
304.38
304.4
304.42
304.44
304.46
304.48
304.5
304.52
304.54
304.56
304.58
304.6
304.62
304.64
304.66
304.68
304.7
304.72
304.74
304.76
304.78
304.8
304.82
304.84
304.86
304.88
304.9
304.92
304.94
304.96
304.98
305
305.02
305.04
305.06
305.08
305.1
305.12
305.14
305.16
305.18
305.2
305.22
305.24
305.26
305.28
305.3
305.32
305.34
305.36
305.38
305.4
305.42
305.44
305.46
305.48
305.5
305.52
305.54
305.56
305.58
305.6
305.62
305.64
305.66
305.68
305.7
305.72
305.74
305.76
305.78
305.8
305.82
305.84
305.86
305.88
305.9
305.92
305.94
305.96
305.98
306
306.02
306.04
306.06
306.08
306.1
306.12
306.14
306.16
306.18
306.2
306.22
306.24
306.26
306.28
306.3
306.32
306.34
306.36
306.38
306.4
306.42
306.44
306.46
306.48
306.5
306.52
306.54
306.56
306.58
306.6
306.62
306.64
306.66
306.68
306.7
306.72
306.74
306.76
306.78
306.8
306.82
306.84
306.86
306.88
306.9
306.92
306.94
306.96
306.98
307
307.02
307.04
307.06
307.08
307.1
307.12
307.14
307.16
307.18
307.2
307.22
307.24
307.26
307.28
307.3
307.32
307.34
307.36
307.38
307.4
307.42
307.44
307.46
307.48
307.5
307.52
307.54
307.56
307.58
307.6
307.62
307.64
307.66
307.68
307.7
307.72
307.74
307.76
307.78
307.8
307.82
307.84
307.86
307.88
307.9
307.92
307.94
307.96
307.98
308
308.02
308.04
308.06
308.08
308.1
308.12
308.14
308.16
308.18
308.2
308.22
308.24
308.26
308.28
308.3
308.32
308.34
308.36
308.38
308.4
308.42
308.44
308.46
308.48
308.5
308.52
308.54
308.56
308.58
308.6
308.62
308.64
308.66
308.68
308.7
308.72
308.74
308.76
308.78
308.8
308.82
308.84
308.86
308.88
308.9
308.92
308.94
308.96
308.98
309
309.02
309.04
309.06
309.08
309.1
309.12
309.14
309.16
309.18
309.2
309.22
309.24
309.26
309.28
309.3
309.32
309.34
309.36
309.38
309.4
309.42
309.44
309.46
309.48
309.5
309.52
309.54
309.56
309.58
309.6
309.62
309.64
309.66
309.68
309.7
309.72
309.74
309.76
309.78
309.8
309.82
309.84
309.86
309.88
309.9
309.92
309.94
309.96
309.98
310
310.02
310.04
310.06
310.08
310.1
310.12
310.14
310.16
310.18
310.2
310.22
310.24
310.26
310.28
310.3
310.32
310.34
310.36
310.38
310.4
310.42
310.44
310.46
310.48
310.5
310.52
310.54
310.56
310.58
310.6
310.62
310.64
310.66
310.68
310.7
310.72
310.74
310.76
310.78
310.8
310.82
310.84
310.86
310.88
310.9
310.92
310.94
310.96
310.98
311
311.02
311.04
311.06
311.08
311.1
311.12
311.14
311.16
311.18
311.2
311.22
311.24
311.26
311.28
311.3
311.32
311.34
311.36
311.38
311.4
311.42
311.44
311.46
311.48
311.5
311.52
311.54
311.56
311.58
311.6
311.62
311.64
311.66
311.68
311.7
311.72
311.74
311.76
311.78
311.8
311.82
311.84
311.86
311.88
311.9
311.92
311.94
311.96
311.98
312
312.02
312.04
312.06
312.08
312.1
312.12
312.14
312.16
312.18
312.2
312.22
312.24
312.26
312.28
312.3
312.32
312.34
312.36
312.38
312.4
312.42
312.44
312.46
312.48
312.5
312.52
312.54
312.56
312.58
312.6
312.62
312.64
312.66
312.68
312.7
312.72
312.74
312.76
312.78
312.8
312.82
312.84
312.86
312.88
312.9
312.92
312.94
312.96
312.98
313
313.02
313.04
313.06
313.08
313.1
313.12
313.14
313.16
313.18
313.2
313.22
313.24
313.26
313.28
313.3
313.32
313.34
313.36
313.38
313.4
313.42
313.44
313.46
313.48
313.5
313.52
313.54
313.56
313.58
313.6
313.62
313.64
313.66
313.68
313.7
313.72
313.74
313.76
313.78
313.8
313.82
313.84
313.86
313.88
313.9
313.92
313.94
313.96
313.98
314
314.02
314.04
314.06
314.08
314.1
314.12
314.14
314.16
314.18
314.2
314.22
314.24
314.26
314.28
314.3
314.32
314.34
314.36
314.38
314.4
314.42
314.44
314.46
314.48
314.5
314.52
314.54
314.56
314.58
314.6
314.62
314.64
314.66
314.68
314.7
314.72
314.74
314.76
314.78
314.8
314.82
314.84
314.86
314.88
314.9
314.92
314.94
314.96
314.98
315
315.02
315.04
315.06
315.08
315.1
315.12
315.14
315.16
315.18
315.2
315.22
315.24
315.26
315.28
315.3
315.32
315.34
315.36
315.38
315.4
315.42
315.44
315.46
315.48
315.5
315.52
315.54
315.56
315.58
315.6
315.62
315.64
315.66
315.68
315.7
315.72
315.74
315.76
315.78
315.8
315.82
315.84
315.86
315.88
315.9
315.92
315.94
315.96
315.98
316
316.02
316.04
316.06
316.08
316.1
316.12
316.14
316.16
316.18
316.2
316.22
316.24
316.26
316.28
316.3
316.32
316.34
316.36
316.38
316.4
316.42
316.44
316.46
316.48
316.5
316.52
316.54
316.56
316.58
316.6
316.62
316.64
316.66
316.68
316.7
316.72
316.74
316.76
316.78
316.8
316.82
316.84
316.86
316.88
316.9
316.92
316.94
316.96
316.98
317
317.02
317.04
317.06
317.08
317.1
317.12
317.14
317.16
317.18
317.2
317.22
317.24
317.26
317.28
317.3
317.32
317.34
317.36
317.38
317.4
317.42
317.44
317.46
317.48
317.5
317.52
317.54
317.56
317.58
317.6
317.62
317.64
317.66
317.68
317.7
317.72
317.74
317.76
317.78
317.8
317.82
317.84
317.86
317.88
317.9
317.92
317.94
317.96
317.98
318
318.02
318.04
318.06
318.08
318.1
318.12
318.14
318.16
318.18
318.2
318.22
318.24
318.26
318.28
318.3
318.32
318.34
318.36
318.38
318.4
318.42
318.44
318.46
318.48
318.5
318.52
318.54
318.56
318.58
318.6
318.62
318.64
318.66
318.68
318.7
318.72
318.74
318.76
318.78
318.8
318.82
318.84
318.86
318.88
318.9
318.92
318.94
318.96
318.98
319
319.02
319.04
319.06
319.08
319.1
319.12
319.14
319.16
319.18
319.2
319.22
319.24
319.26
319.28
319.3
319.32
319.34
319.36
319.38
319.4
319.42
319.44
319.46
319.48
319.5
319.52
319.54
319.56
319.58
319.6
319.62
319.64
319.66
319.68
319.7
319.72
319.74
319.76
319.78
319.8
319.82
319.84
319.86
319.88
319.9
319.92
319.94
319.96
319.98
320
320.02
320.04
320.06
320.08
320.1
320.12
320.14
320.16
320.18
320.2
320.22
320.24
320.26
320.28
320.3
320.32
320.34
320.36
320.38
320.4
320.42
320.44
320.46
320.48
320.5
320.52
320.54
320.56
320.58
320.6
320.62
320.64
320.66
320.68
320.7
320.72
320.74
320.76
320.78
320.8
320.82
320.84
320.86
320.88
320.9
320.92
320.94
320.96
320.98
321
321.02
321.04
321.06
321.08
321.1
321.12
321.14
321.16
321.18
321.2
321.22
321.24
321.26
321.28
321.3
321.32
321.34
321.36
321.38
321.4
321.42
321.44
321.46
321.48
321.5
321.52
321.54
321.56
321.58
321.6
321.62
321.64
321.66
321.68
321.7
321.72
321.74
321.76
321.78
321.8
321.82
321.84
321.86
321.88
321.9
321.92
321.94
321.96
321.98
322
322.02
322.04
322.06
322.08
322.1
322.12
322.14
322.16
322.18
322.2
322.22
322.24
322.26
322.28
322.3
322.32
322.34
322.36
322.38
322.4
322.42
322.44
322.46
322.48
322.5
322.52
322.54
322.56
322.58
322.6
322.62
322.64
322.66
322.68
322.7
322.72
322.74
322.76
322.78
322.8
322.82
322.84
322.86
322.88
322.9
322.92
322.94
322.96
322.98
323
323.02
323.04
323.06
323.08
323.1
323.12
323.14
323.16
323.18
323.2
323.22
323.24
323.26
323.28
323.3
323.32
323.34
323.36
323.38
323.4
323.42
323.44
323.46
323.48
323.5
323.52
323.54
323.56
323.58
323.6
323.62
323.64
323.66
323.68
323.7
323.72
323.74
323.76
323.78
323.8
323.82
323.84
323.86
323.88
323.9
323.92
323.94
323.96
323.98
324
324.02
324.04
324.06
324.08
324.1
324.12
324.14
324.16
324.18
324.2
324.22
324.24
324.26
324.28
324.3
324.32
324.34
324.36
324.38
324.4
324.42
324.44
324.46
324.48
324.5
324.52
324.54
324.56
324.58
324.6
324.62
324.64
324.66
324.68
324.7
324.72
324.74
324.76
324.78
324.8
324.82
324.84
324.86
324.88
324.9
324.92
324.94
324.96
324.98
325
325.02
325.04
325.06
325.08
325.1
325.12
325.14
325.16
325.18
325.2
325.22
325.24
325.26
325.28
325.3
325.32
325.34
325.36
325.38
325.4
325.42
325.44
325.46
325.48
325.5
325.52
325.54
325.56
325.58
325.6
325.62
325.64
325.66
325.68
325.7
325.72
325.74
325.76
325.78
325.8
325.82
325.84
325.86
325.88
325.9
325.92
325.94
325.96
325.98
326