1
0.287187
0.0769515
0.0206191
0.00552487
0.00148038
0.000396657
0.000106248
2.83327e-05
7.08317e-06


1
0.464899
0.168997
0.0571871
0.018513
0.00581523
0.00178711
0.00053991
0.000160031
4.35494e-05


1
0.582804
0.255717
0.102068
0.0381799
0.0136257
0.00469264
0.00157061
0.000509987
0.000149271


1
0.665966
0.331763
0.149653
0.0627148
0.0248462
0.00941847
0.00344239
0.00120987
0.000377102


1
0.727706
0.396967
0.196635
0.0902661
0.0389999
0.016041
0.00632713
0.00238278
0.000784246


1
0.775493
0.452687
0.24132
0.119325
0.0554459
0.0244594
0.0103096
0.0041246
0.00142327


1
0.813736
0.500525
0.28299
0.148794
0.0735371
0.0344625
0.0153941
0.00649463
0.00233529


1
0.845171
0.54192
0.321459
0.177937
0.0926994
0.0457866
0.0215223
0.00951446
0.00354626


1
0.871573
0.578057
0.356816
0.206287
0.112461
0.0581569
0.0285934
0.0131721
0.00506616


1
0.894141
0.609882
0.389272
0.233575
0.132452
0.0713119
0.036482
0.0174291
0.00689037


1
0.913713
0.63814
0.419085
0.259657
0.152395
0.0850178
0.0450525
0.0222283
0.00900225


1
0.930893
0.663423
0.446518
0.28448
0.172086
0.0990727
0.0541696
0.0275006
0.0113763


1
0.946129
0.686198
0.471819
0.308039
0.191379
0.113307
0.0637045
0.0331717
0.0139811


1
0.95976
0.706842
0.495212
0.330367
0.210177
0.127583
0.0735395
0.0391663
0.0167821


1
0.972047
0.725657
0.516898
0.351511
0.228413
0.141787
0.0835694
0.0454115
0.0197439


1
0.983196
0.742891
0.537055
0.371531
0.246047
0.155831
0.0937022
0.0518392
0.0228318


1
0.993371
0.758747
0.555836
0.390489
0.263057
0.169644
0.103859
0.0583876
0.0260128


1
1.0027
0.773394
0.573379
0.408447
0.279434
0.183174
0.113973
0.0650013
0.0292567


1
1.0113
0.786972
0.589799
0.425468
0.295179
0.196379
0.123989
0.0716321
0.0325364


1
1.01925
0.7996
0.605202
0.441609
0.310299
0.20923
0.133862
0.0782385
0.0358278


1
1.02664
0.811378
0.619677
0.456926
0.324807
0.221705
0.143553
0.0847851
0.0391102


1
1.03351
0.822393
0.633304
0.471468
0.338719
0.233791
0.153035
0.0912428
0.0423658


1
1.03993
0.832717
0.646152
0.485285
0.35205
0.245479
0.162284
0.0975874
0.0455797


1
1.04594
0.842415
0.658285
0.498419
0.364821
0.256766
0.171283
0.103799
0.0487397


1
1.05158
0.851541
0.669755
0.510911
0.377051
0.267651
0.18002
0.109864
0.0518358


1
1.05688
0.860144
0.680613
0.522799
0.388759
0.278137
0.188486
0.115769
0.05486


1
1.06187
0.868266
0.690902
0.534116
0.399966
0.288229
0.196677
0.121505
0.0578063


1
1.06658
0.875944
0.700661
0.544896
0.410691
0.297934
0.204589
0.127067
0.0606699


1
1.07104
0.883212
0.709926
0.555168
0.420953
0.307261
0.212222
0.132451
0.0634478


1
1.07525
0.890099
0.718727
0.564958
0.43077
0.316218
0.219579
0.137655
0.0661376


1
1.07923
0.896631
0.727095
0.574293
0.440162
0.324815
0.226663
0.142678
0.0687382


1
1.08301
0.902833
0.735055
0.583197
0.449146
0.333064
0.233477
0.147521
0.0712492


1
1.0866
0.908724
0.742631
0.591691
0.457739
0.340974
0.240028
0.152185
0.0736709


1
1.09001
0.914325
0.749846
0.599797
0.465958
0.348557
0.246322
0.156674
0.076004


1
1.09324
0.919654
0.75672
0.607533
0.473818
0.355824
0.252365
0.160991
0.0782496


1
1.09632
0.924725
0.763271
0.614918
0.481335
0.362787
0.258164
0.165139
0.0804095


1
1.09925
0.929555
0.769516
0.621969
0.488524
0.369456
0.263726
0.169122
0.0824853


1
1.10204
0.934157
0.775473
0.628702
0.495398
0.375843
0.26906
0.172946
0.0844791


1
1.1047
0.938543
0.781155
0.635133
0.501972
0.381958
0.274173
0.176615
0.0863932


1
1.10723
0.942724
0.786578
0.641275
0.508257
0.387811
0.279073
0.180133
0.0882298


1
1.10965
0.946712
0.791753
0.647143
0.514268
0.393414
0.283766
0.183506
0.0899914


1
1.11195
0.950517
0.796693
0.652748
0.520015
0.398776
0.288262
0.186739
0.0916803


1
1.11415
0.954147
0.801409
0.658104
0.52551
0.403908
0.292567
0.189836
0.0932991


1
1.11624
0.957612
0.805913
0.663221
0.530765
0.408817
0.296688
0.192802
0.0948502


1
1.11824
0.96092
0.810214
0.668112
0.535789
0.413514
0.300634
0.195644
0.096336


1
1.12015
0.964078
0.814323
0.672785
0.540592
0.418008
0.30441
0.198364
0.097759


1
1.12197
0.967094
0.818247
0.67725
0.545185
0.422306
0.308023
0.200968
0.0991215


1
1.12371
0.969974
0.821997
0.681519
0.549577
0.426417
0.311481
0.203461
0.100426


1
1.12537
0.972725
0.825579
0.685598
0.553775
0.43035
0.31479
0.205847
0.101675


1
1.12696
0.975353
0.829002
0.689497
0.55779
0.434111
0.317955
0.208129
0.10287


1
1.12848
0.977863
0.832273
0.693224
0.561628
0.437708
0.320983
0.210314
0.104013


1
1.12992
0.980262
0.835398
0.696786
0.565297
0.441148
0.32388
0.212404
0.105108


1
1.13131
0.982554
0.838385
0.700191
0.568806
0.444438
0.32665
0.214403
0.106155


1
1.13263
0.984744
0.84124
0.703445
0.57216
0.447584
0.3293
0.216316
0.107156


1
1.13389
0.986837
0.843969
0.706557
0.575367
0.450593
0.331834
0.218145
0.108114


1
1.1351
0.988837
0.846576
0.709531
0.578434
0.453469
0.334258
0.219895
0.109031


1
1.13625
0.990749
0.849069
0.712374
0.581365
0.45622
0.336576
0.221568
0.109907


1
1.13736
0.992576
0.851452
0.715092
0.584168
0.45885
0.338793
0.223169
0.110746


1
1.13841
0.994322
0.853729
0.71769
0.586848
0.461365
0.340913
0.2247
0.111548


1
1.13942
0.995992
0.855906
0.720174
0.58941
0.46377
0.34294
0.226163
0.112315


1
1.14038
0.997587
0.857987
0.722549
0.59186
0.466069
0.344878
0.227563
0.113048


1
1.1413
0.999112
0.859976
0.724819
0.594201
0.468268
0.346731
0.228902
0.11375


1
1.14218
1.00057
0.861878
0.726989
0.59644
0.47037
0.348504
0.230182
0.11442


1
1.14302
1.00196
0.863696
0.729064
0.598581
0.47238
0.350198
0.231406
0.115062


1
1.14382
1.0033
0.865434
0.731047
0.600628
0.474302
0.351819
0.232576
0.115675


1
1.14459
1.00457
0.867095
0.732943
0.602584
0.476139
0.353368
0.233695
0.116261


1
1.14532
1.00579
0.868683
0.734756
0.604455
0.477896
0.354849
0.234766
0.116822


1
1.14603
1.00695
0.870201
0.736489
0.606244
0.479575
0.356266
0.235789
0.117358


1
1.1467
1.00806
0.871653
0.738146
0.607954
0.481181
0.35762
0.236767
0.117871


1
1.14734
1.00913
0.873041
0.739731
0.609589
0.482716
0.358915
0.237702
0.118361


1
1.14795
1.01014
0.874367
0.741245
0.611152
0.484184
0.360152
0.238597
0.11883


1
1.14854
1.01112
0.875636
0.742693
0.612646
0.485588
0.361336
0.239452
0.119278


1
1.1491
1.01204
0.876848
0.744077
0.614075
0.486929
0.362468
0.240269
0.119706


1
1.14963
1.01293
0.878007
0.745401
0.61544
0.488212
0.36355
0.241051
0.120116


1
1.15015
1.01378
0.879116
0.746666
0.616746
0.489439
0.364584
0.241798
0.120508


1
1.15064
1.01459
0.880175
0.747875
0.617995
0.490611
0.365573
0.242513
0.120882


1
1.15111
1.01537
0.881188
0.749032
0.619189
0.491733
0.366519
0.243196
0.12124


1
1.15155
1.01611
0.882157
0.750138
0.62033
0.492804
0.367423
0.243849
0.121582


1
1.15198
1.01682
0.883082
0.751195
0.621421
0.493829
0.368287
0.244474
0.12191


1
1.15239
1.0175
0.883968
0.752205
0.622464
0.494809
0.369114
0.245071
0.122223


1
1.15278
1.01815
0.884814
0.753171
0.623461
0.495746
0.369904
0.245642
0.122522


1
1.15315
1.01877
0.885623
0.754095
0.624415
0.496641
0.370659
0.246188
0.122808


1
1.15351
1.01936
0.886396
0.754978
0.625326
0.497498
0.371381
0.246709
0.123081


1
1.15385
1.01993
0.887136
0.755823
0.626198
0.498316
0.372072
0.247208
0.123343


1
1.15418
1.02047
0.887843
0.75663
0.627031
0.499099
0.372732
0.247685
0.123593


1
1.15449
1.02099
0.888519
0.757402
0.627828
0.499847
0.373363
0.248141
0.123832


1
1.15479
1.02148
0.889165
0.758139
0.628589
0.500563
0.373967
0.248577
0.12406


1
1.15508
1.02196
0.889783
0.758845
0.629318
0.501247
0.374543
0.248994
0.124279


1
1.15535
1.02241
0.890374
0.759519
0.630014
0.5019
0.375095
0.249393
0.124488


1
1.15561
1.02284
0.890938
0.760164
0.630679
0.502526
0.375622
0.249774
0.124687


1
1.15586
1.02326
0.891478
0.76078
0.631316
0.503123
0.376127
0.250138
0.124878


1
1.1561
1.02365
0.891994
0.76137
0.631924
0.503695
0.376609
0.250486
0.125061


1
1.15633
1.02403
0.892488
0.761933
0.632506
0.504241
0.377069
0.250819
0.125235


1
1.15655
1.02439
0.89296
0.762472
0.633062
0.504763
0.37751
0.251138
0.125402


1
1.15675
1.02474
0.893411
0.762987
0.633593
0.505263
0.377931
0.251442
0.125561


1
1.15695
1.02507
0.893842
0.763479
0.634102
0.50574
0.378334
0.251733
0.125714


1
1.15714
1.02538
0.894254
0.76395
0.634588
0.506197
0.378719
0.252011
0.12586


1
1.15733
1.02569
0.894649
0.7644
0.635052
0.506633
0.379087
0.252277
0.125999


1
1.1575
1.02597
0.895026
0.764831
0.635496
0.50705
0.379439
0.252531
0.126132


1
1.15767
1.02625
0.895386
0.765242
0.635921
0.507449
0.379775
0.252775
0.12626


